0.5	1	0.5	0	0	2.14721	0	0	0		3.0652E-11	1700	5.18335E6	-89.98121		0	0	0	0		0	0	0	0
0.5	2	0.51053			2.14721			0.01053		3.0648E-11	1700	5.18403E6	-89.98121										
0.5	3	0.52105			2.14721			0.02105		3.0648E-11	1700	5.18403E6	-89.98121										
0.5	4	0.53158			2.14721			0.03158		3.0647E-11	1600	5.1842E6	-89.98232										
0.5	5	0.54211			2.14721			0.04211		3.0644E-11	1700	5.1847E6	-89.98121										
0.5	6	0.55263			2.14721			0.05263		3.0641E-11	1700	5.18521E6	-89.98122										
0.5	7	0.56316			2.14721			0.06316		3.0642E-11	1500	5.18504E6	-89.98342										
0.5	8	0.57368			2.14721			0.07368		3.0619E-11	2800	5.18894E6	-89.96908										
0.5	9	0.58421			2.14721			0.08421		3.0617E-11	2800	5.18928E6	-89.96908										
0.5	10	0.59474			2.14721			0.09474		3.0594E-11	3300	5.19318E6	-89.96359										
0.5	11	0.60526			2.14721			0.10526		3.0594E-11	2800	5.19318E6	-89.96911										
0.5	12	0.61579			2.14721			0.11579		3.0592E-11	2900	5.19352E6	-89.96801										
0.5	13	0.62632			2.14721			0.12632		3.059E-11	3300	5.19386E6	-89.9636										
0.5	14	0.63684			2.14721			0.13684		3.059E-11	2800	5.19386E6	-89.96911										
0.5	15	0.64737			2.14721			0.14737		3.0619E-11	2000	5.18894E6	-89.97792										
0.5	16	0.65789			2.14721			0.15789		3.0614E-11	2100	5.18979E6	-89.97682										
0.5	17	0.66842			2.14721			0.16842		3.0612E-11	2300	5.19012E6	-89.97461										
0.5	18	0.67895			2.14721			0.17895		3.0608E-11	2400	5.1908E6	-89.97351										
0.5	19	0.68947			2.14721			0.18947		3.0607E-11	2100	5.19097E6	-89.97682										
0.5	20	0.7			2.14721			0.2		3.0607E-11	2100	5.19097E6	-89.97682										
0.5	21	0.71053			2.14721			0.21053		3.0604E-11	2100	5.19148E6	-89.97682										
0.5	22	0.72105			2.14721			0.22105		3.0683E-11	1800	5.17811E6	-89.98008										
0.5	23	0.73158			2.14721			0.23158		3.0682E-11	1700	5.17828E6	-89.98119										
0.5	24	0.74211			2.14721			0.24211		3.0679E-11	1900	5.17879E6	-89.97898										
0.5	25	0.75263			2.14721			0.25263		3.0681E-11	1700	5.17845E6	-89.98119										
0.5	26	0.76316			2.14721			0.26316		3.0681E-11	1800	5.17845E6	-89.98008										
0.5	27	0.77368			2.14721			0.27368		3.0546E-11	2000	5.20134E6	-89.97797										
0.5	28	0.78421			2.14721			0.28421		3.0542E-11	2300	5.20202E6	-89.97467										
0.5	29	0.79474			2.14721			0.29474		3.054E-11	2200	5.20236E6	-89.97577										
0.5	30	0.80526			2.14721			0.30526		3.0539E-11	2300	5.20253E6	-89.97467										
0.5	31	0.81579			2.14721			0.31579		3.0538E-11	2100	5.2027E6	-89.97687										
0.5	32	0.82632			2.14721			0.32632		3.0535E-11	2000	5.20321E6	-89.97798										
0.5	33	0.83684			2.14721			0.33684		3.0577E-11	1800	5.19607E6	-89.98015										
0.5	34	0.84737			2.14721			0.34737		3.0575E-11	1800	5.19641E6	-89.98015										
0.5	35	0.85789			2.14721			0.35789		3.0576E-11	1800	5.19624E6	-89.98015										
0.5	36	0.86842			2.14721			0.36842		3.0575E-11	1900	5.19641E6	-89.97905										
0.5	37	0.87895			2.14721			0.37895		3.0576E-11	1800	5.19624E6	-89.98015										
0.5	38	0.88947			2.14721			0.38947		3.0575E-11	1700	5.19641E6	-89.98126										
0.5	39	0.9			2.14721			0.4		3.0574E-11	1700	5.19658E6	-89.98126										
0.5	40	0.91053			2.14721			0.41053		3.0574E-11	1900	5.19658E6	-89.97905										
0.5	41	0.92105			2.14721			0.42105		3.0576E-11	2000	5.19624E6	-89.97795										
1	1	1			2.14721			0		3.0783E-11	2800	5.16129E6	-89.96892										
1	2	1.01053			2.14721			0.01053		3.0782E-11	2500	5.16146E6	-89.97225										
1	3	1.02105			2.14721			0.02105		3.0779E-11	2800	5.16196E6	-89.96892										
1	4	1.03158			2.14721			0.03158		3.0779E-11	2700	5.16196E6	-89.97003										
1	5	1.04211			2.14721			0.04211		3.0777E-11	2500	5.1623E6	-89.97225										
1	6	1.05263			2.14721			0.05263		3.0778E-11	2500	5.16213E6	-89.97225										
1	7	1.06316			2.14721			0.06316		3.0775E-11	2400	5.16264E6	-89.97336										
1	8	1.07368			2.14721			0.07368		3.0774E-11	2500	5.1628E6	-89.97226										
1	9	1.08421			2.14721			0.08421		3.0704E-11	2200	5.17457E6	-89.97564										
1	10	1.09474			2.14721			0.09474		3.0703E-11	2100	5.17474E6	-89.97675										
1	11	1.10526			2.14721			0.10526		3.0705E-11	1800	5.1744E6	-89.98007										
1	12	1.11579			2.14721			0.11579		3.0706E-11	1800	5.17424E6	-89.98007										
1	13	1.12632			2.14721			0.12632		3.0706E-11	1900	5.17424E6	-89.97896										
1	14	1.13684			2.14721			0.13684		3.0612E-11	1300	5.19012E6	-89.98565										
1	15	1.14737			2.14721			0.14737		3.0612E-11	1300	5.19012E6	-89.98565										
1	16	1.15789			2.14721			0.15789		3.061E-11	1200	5.19046E6	-89.98675										
1	17	1.16842			2.14721			0.16842		3.061E-11	1200	5.19046E6	-89.98675										
1	18	1.17895			2.14721			0.17895		3.0608E-11	1200	5.1908E6	-89.98675										
1	19	1.18947			2.14721			0.18947		3.0577E-11	900	5.19607E6	-89.99008										
1	20	1.2			2.14721			0.2		3.0582E-11	1100	5.19522E6	-89.98787										
1	21	1.21053			2.14721			0.21053		3.057E-11	800	5.19725E6	-89.99118										
1	22	1.22105			2.14721			0.22105		3.0579E-11	900	5.19573E6	-89.99008										
1	23	1.23158			2.14721			0.23158		3.058E-11	900	5.19556E6	-89.99007										
1	24	1.24211			2.14721			0.24211		3.0579E-11	1100	5.19573E6	-89.98787										
1	25	1.25263			2.14721			0.25263		3.0579E-11	1000	5.19573E6	-89.98897										
1	26	1.26316			2.14721			0.26316		3.0764E-11	3400	5.16448E6	-89.96228										
1	27	1.27368			2.14721			0.27368		3.076E-11	3300	5.16515E6	-89.96339										
1	28	1.28421			2.14721			0.28421		3.0761E-11	3300	5.16499E6	-89.96339										
1	29	1.29474			2.14721			0.29474		3.0731E-11	2800	5.17003E6	-89.96897										
1	30	1.30526			2.14721			0.30526		3.073E-11	2700	5.1702E6	-89.97008										
1	31	1.31579			2.14721			0.31579		3.0728E-11	2800	5.17053E6	-89.96897										
1	32	1.32632			2.14721			0.32632		3.0728E-11	2700	5.17053E6	-89.97008										
1	33	1.33684			2.14721			0.33684		3.0727E-11	2900	5.1707E6	-89.96787										
1	34	1.34737			2.14721			0.34737		3.0726E-11	2800	5.17087E6	-89.96897										
1	35	1.35789			2.14721			0.35789		3.0708E-11	2500	5.1739E6	-89.97231										
1	36	1.36842			2.14721			0.36842		3.0694E-11	2200	5.17626E6	-89.97565										
1	37	1.37895			2.14721			0.37895		3.0695E-11	2600	5.17609E6	-89.97122										
1	38	1.38947			2.14721			0.38947		3.0698E-11	2900	5.17558E6	-89.9679										
1	39	1.4			2.14721			0.4		3.0697E-11	3000	5.17575E6	-89.96679										
1	40	1.41053			2.14721			0.41053		3.0697E-11	2900	5.17575E6	-89.9679										
1	41	1.42105			2.14721			0.42105		3.0695E-11	3000	5.17609E6	-89.96679										
1	42	1.43158			2.14721			0.43158		3.0695E-11	2800	5.17609E6	-89.96901										
1	43	1.44211			2.14721			0.44211		3.0817E-11	1200	5.1556E6	-89.98666										
1	44	1.45263			2.14721			0.45263		3.0816E-11	1400	5.15577E6	-89.98444										
1	45	1.46316			2.14721			0.46316		3.0813E-11	1600	5.15627E6	-89.98222										
1	46	1.47368			2.14721			0.47368		3.0812E-11	1500	5.15644E6	-89.98333										
1	47	1.48421			2.14721			0.48421		3.0814E-11	1400	5.1561E6	-89.98444										
1	48	1.49474			2.14721			0.49474		3.081E-11	1400	5.15677E6	-89.98444										
1	49	1.50526			2.14721			0.50526		3.0801E-11	1100	5.15828E6	-89.98778										
1	50	1.51579			2.14721			0.51579		3.0788E-11	2000	5.16046E6	-89.97779										
1	51	1.52632			2.14721			0.52632		3.0786E-11	1200	5.16079E6	-89.98668										
1	52	1.53684			2.14721			0.53684		3.0786E-11	1700	5.16079E6	-89.98113										
1	53	1.54737			2.14721			0.54737		3.0783E-11	1600	5.16129E6	-89.98224										
1	54	1.55789			2.14721			0.55789		3.0789E-11	1200	5.16029E6	-89.98668										
1	55	1.56842			2.14721			0.56842		3.079E-11	1200	5.16012E6	-89.98668										
1	56	1.57895			2.14721			0.57895		3.079E-11	1100	5.16012E6	-89.98779										
1	57	1.58947			2.14721			0.58947		3.0789E-11	1100	5.16029E6	-89.98779										
1	58	1.6			2.14721			0.6		3.0789E-11	1200	5.16029E6	-89.98668										
1	59	1.61053			2.14721			0.61053		3.0788E-11	1300	5.16045E6	-89.98557										
1	60	1.62105			2.14721			0.62105		3.0718E-11	1400	5.17221E6	-89.98449										
1	61	1.63158			2.14721			0.63158		3.0715E-11	1300	5.17272E6	-89.9856										
1	62	1.64211			2.14721			0.64211		3.0715E-11	1300	5.17272E6	-89.9856										
1	63	1.65263			2.14721			0.65263		3.0709E-11	800	5.17373E6	-89.99114										
1	64	1.66316			2.14721			0.66316		3.0719E-11	1600	5.17205E6	-89.98228										
1	65	1.67368			2.14721			0.67368		3.0712E-11	1300	5.17322E6	-89.9856										
1	66	1.68421			2.14721			0.68421		3.0712E-11	1200	5.17322E6	-89.98671										
1	67	1.69474			2.14721			0.69474		3.07E-11	1400	5.17525E6	-89.9845										
1	68	1.70526			2.14721			0.70526		3.0708E-11	1300	5.1739E6	-89.9856										
1	69	1.71579			2.14721			0.71579		3.0576E-11	1100	5.19624E6	-89.98787										
1	70	1.72632			2.14721			0.72632		3.0664E-11	1600	5.18132E6	-89.98231										
1	71	1.73684			2.14721			0.73684		3.0707E-11	1200	5.17407E6	-89.98671										
1	72	1.74737			2.14721			0.74737		3.0706E-11	1300	5.17424E6	-89.9856										
1.5	1	1.5			2.14721			0		3.0889E-11	1600	5.14358E6	-89.98218										
1.5	2	1.51053			2.14721			0.01053		3.0888E-11	1400	5.14375E6	-89.98441										
1.5	3	1.52105			2.14721			0.02105		3.0886E-11	1700	5.14408E6	-89.98107										
1.5	4	1.53158			2.14721			0.03158		3.0823E-11	1500	5.1546E6	-89.98333										
1.5	5	1.54211			2.14721			0.04211		3.084E-11	1300	5.15175E6	-89.98554										
1.5	6	1.55263			2.14721			0.05263		3.0855E-11	1300	5.14925E6	-89.98553										
1.5	7	1.56316			2.14721			0.06316		3.0853E-11	1500	5.14958E6	-89.98331										
1.5	8	1.57368			2.14721			0.07368		3.0863E-11	1500	5.14791E6	-89.98331										
1.5	9	1.58421			2.14721			0.08421		3.087E-11	3200	5.14675E6	-89.96438										
1.5	10	1.59474			2.14721			0.09474		3.0874E-11	1200	5.14608E6	-89.98664										
1.5	11	1.60526			2.14721			0.10526		3.0875E-11	1400	5.14591E6	-89.98441										
1.5	12	1.61579			2.14721			0.11579		3.1062E-11	1400	5.11493E6	-89.98432										
1.5	13	1.62632			2.14721			0.12632		3.106E-11	1300	5.11526E6	-89.98544										
1.5	14	1.63684			2.14721			0.13684		3.1059E-11	1300	5.11543E6	-89.98544										
1.5	15	1.64737			2.14721			0.14737		3.1073E-11	2800	5.11312E6	-89.96862										
1.5	16	1.65789			2.14721			0.15789		3.1062E-11	1400	5.11493E6	-89.98432										
1.5	17	1.66842			2.14721			0.16842		3.1053E-11	900	5.11642E6	-89.98992										
1.5	18	1.67895			2.14721			0.17895		3.1051E-11	1400	5.11675E6	-89.98432										
1.5	19	1.68947			2.14721			0.18947		3.1058E-11	1200	5.11559E6	-89.98656										
1.5	20	1.7			2.14721			0.2		3.1036E-11	1300	5.11922E6	-89.98545										
1.5	21	1.71053			2.14721			0.21053		3.1037E-11	1100	5.11905E6	-89.98769										
1.5	22	1.72105			2.14721			0.22105		3.0952E-11	2100	5.13311E6	-89.97656										
1.5	23	1.73158			2.14721			0.23158		3.0954E-11	1800	5.13278E6	-89.97991										
1.5	24	1.74211			2.14721			0.24211		3.0952E-11	2200	5.13311E6	-89.97544										
1.5	25	1.75263			2.14721			0.25263		3.095E-11	2100	5.13344E6	-89.97656										
1.5	26	1.76316			2.14721			0.26316		3.095E-11	2100	5.13344E6	-89.97656										
1.5	27	1.77368			2.14721			0.27368		3.0858E-11	3500	5.14875E6	-89.96105										
1.5	28	1.78421			2.14721			0.28421		3.0854E-11	3800	5.14942E6	-89.95772										
1.5	29	1.79474			2.14721			0.29474		3.0855E-11	4000	5.14925E6	-89.95549										
1.5	30	1.80526			2.14721			0.30526		3.085E-11	4000	5.15009E6	-89.9555										
1.5	31	1.81579			2.14721			0.31579		3.0845E-11	3600	5.15092E6	-89.95996										
1.5	32	1.82632			2.14721			0.32632		3.0816E-11	2000	5.15577E6	-89.97777										
1.5	33	1.83684			2.14721			0.33684		3.0823E-11	1500	5.1546E6	-89.98333										
1.5	34	1.84737			2.14721			0.34737		3.0843E-11	1400	5.15125E6	-89.98443										
1.5	35	1.85789			2.14721			0.35789		3.0838E-11	1500	5.15209E6	-89.98332										
1.5	36	1.86842			2.14721			0.36842		3.0847E-11	1600	5.15058E6	-89.9822										
1.5	37	1.87895			2.14721			0.37895		3.0837E-11	1500	5.15225E6	-89.98332										
1.5	38	1.88947			2.14721			0.38947		3.0799E-11	1300	5.15861E6	-89.98556										
1.5	39	1.9			2.14721			0.4		3.0831E-11	1300	5.15326E6	-89.98555										
1.5	40	1.91053			2.14721			0.41053		3.083E-11	1400	5.15342E6	-89.98443										
1.5	41	1.92105			2.14721			0.42105		3.0829E-11	1400	5.15359E6	-89.98444										
1.5	42	1.93158			2.14721			0.43158		3.0828E-11	1400	5.15376E6	-89.98444										
1.5	43	1.94211			2.14721			0.44211		3.1003E-11	1400	5.12467E6	-89.98435										
1.5	44	1.95263			2.14721			0.45263		3.0999E-11	1800	5.12533E6	-89.97988										
1.5	45	1.96316			2.14721			0.46316		3.1043E-11	2200	5.11807E6	-89.97537										
1.5	46	1.97368			2.14721			0.47368		3.1077E-11	1000	5.11247E6	-89.98879										
1.5	47	1.98421			2.14721			0.48421		3.1075E-11	1000	5.11279E6	-89.98879										
1.5	48	1.99474			2.14721			0.49474		3.1081E-11	1300	5.11181E6	-89.98543										
1.5	49	2.00526			2.14721			0.50526		3.1058E-11	1500	5.11559E6	-89.9832										
1.5	50	2.01579			2.14721			0.51579		3.0991E-11	1600	5.12665E6	-89.98212										
1.5	51	2.02632			2.14721			0.52632		3.0992E-11	1400	5.12649E6	-89.98435										
1.5	52	2.03684			2.14721			0.53684		3.099E-11	1200	5.12682E6	-89.98659										
1.5	53	2.04737			2.14721			0.54737		3.0989E-11	1600	5.12698E6	-89.98212										
1.5	54	2.05789			2.14721			0.55789		3.0972E-11	1600	5.1298E6	-89.98213										
1.5	55	2.06842			2.14721			0.56842		3.0971E-11	1300	5.12996E6	-89.98548										
1.5	56	2.07895			2.14721			0.57895		3.097E-11	1500	5.13013E6	-89.98325										
1.5	57	2.08947			2.14721			0.58947		3.1005E-11	1100	5.12434E6	-89.9877										
1.5	58	2.1			2.14721			0.6		3.1004E-11	1300	5.1245E6	-89.98547										
1.5	59	2.11053			2.14721			0.61053		3.1003E-11	1400	5.12467E6	-89.98435										
1.5	60	2.12105			2.14721			0.62105		3.1003E-11	1200	5.12467E6	-89.98658										
1.5	61	2.13158			2.14721			0.63158		3.1004E-11	1500	5.1245E6	-89.98323										
1.5	62	2.14211			2.14721			0.64211		3.1001E-11	1600	5.125E6	-89.98211										
1.5	63	2.15263			2.14721			0.65263		3.0987E-11	1100	5.12731E6	-89.98771										
1.5	64	2.16316			2.14721			0.66316		3.0999E-11	1200	5.12533E6	-89.98659										
1.5	65	2.17368			2.14721			0.67368		3.0998E-11	1600	5.12549E6	-89.98211										
1.5	66	2.18421			2.14721			0.68421		3.0998E-11	1100	5.12549E6	-89.9877										
2	1	2			2.14721			0		3.1069E-11	1600	5.11378E6	-89.98207										
2	2	2.01053			2.14721			0.01053		3.1067E-11	1600	5.11411E6	-89.98207										
2	3	2.02105			2.14721			0.02105		3.1067E-11	1500	5.11411E6	-89.98319										
2	4	2.03158			2.14721			0.03158		3.1066E-11	1500	5.11428E6	-89.9832										
2	5	2.04211			2.14721			0.04211		3.1059E-11	2100	5.11543E6	-89.97648										
2	6	2.05263			2.14721			0.05263		3.1053E-11	1600	5.11642E6	-89.98208										
2	7	2.06316			2.14721			0.06316		3.1051E-11	2100	5.11675E6	-89.97648										
2	8	2.07368			2.14721			0.07368		3.1053E-11	1500	5.11642E6	-89.9832										
2	9	2.08421			2.14721			0.08421		3.1057E-11	1400	5.11576E6	-89.98432										
2	10	2.09474			2.14721			0.09474		3.1055E-11	1400	5.11609E6	-89.98432										
2	11	2.10526			2.14721			0.10526		3.1054E-11	1500	5.11625E6	-89.9832										
2	12	2.11579			2.14721			0.11579		3.1076E-11	1500	5.11263E6	-89.98319										
2	13	2.12632			2.14721			0.12632		3.1076E-11	1500	5.11263E6	-89.98319										
2	14	2.13684			2.14721			0.13684		3.1074E-11	1500	5.11296E6	-89.98319										
2	15	2.14737			2.14721			0.14737		3.1108E-11	1400	5.10737E6	-89.98429										
2	16	2.15789			2.14721			0.15789		3.111E-11	1300	5.10704E6	-89.98542										
2	17	2.16842			2.14721			0.16842		3.11E-11	2900	5.10869E6	-89.96748										
2	18	2.17895			2.14721			0.17895		3.1106E-11	1500	5.1077E6	-89.98317										
2	19	2.18947			2.14721			0.18947		3.1105E-11	1500	5.10786E6	-89.98317										
2	20	2.2			2.14721			0.2		3.1104E-11	1500	5.10803E6	-89.98317										
2	21	2.21053			2.14721			0.21053		3.0971E-11	1400	5.12996E6	-89.98436										
2	22	2.22105			2.14721			0.22105		3.0968E-11	1500	5.13046E6	-89.98325										
2	23	2.23158			2.14721			0.23158		3.095E-11	1700	5.13344E6	-89.98103										
2	24	2.24211			2.14721			0.24211		3.1085E-11	1500	5.11115E6	-89.98319										
2	25	2.25263			2.14721			0.25263		3.1085E-11	1400	5.11115E6	-89.98431										
2	26	2.26316			2.14721			0.26316		3.1086E-11	1300	5.11099E6	-89.98543										
2	27	2.27368			2.14721			0.27368		3.0884E-11	1400	5.14441E6	-89.98441										
2	28	2.28421			2.14721			0.28421		3.1024E-11	1400	5.1212E6	-89.98434										
2	29	2.29474			2.14721			0.29474		3.0878E-11	1300	5.14541E6	-89.98552										
2	30	2.30526			2.14721			0.30526		3.0958E-11	1300	5.13212E6	-89.98549										
2	31	2.31579			2.14721			0.31579		3.0962E-11	3600	5.13146E6	-89.9598										
2	32	2.32632			2.14721			0.32632		3.0966E-11	2300	5.13079E6	-89.97432										
2	33	2.33684			2.14721			0.33684		3.0953E-11	1600	5.13295E6	-89.98214										
2	34	2.34737			2.14721			0.34737		3.0954E-11	1500	5.13278E6	-89.98326										
2	35	2.35789			2.14721			0.35789		3.0954E-11	1600	5.13278E6	-89.98214										
2	36	2.36842			2.14721			0.36842		3.0951E-11	1600	5.13328E6	-89.98214										
2	37	2.37895			2.14721			0.37895		3.0951E-11	1600	5.13328E6	-89.98214										
2	38	2.38947			2.14721			0.38947		3.0951E-11	1800	5.13328E6	-89.97991										
2	39	2.4			2.14721			0.4		3.0953E-11	1600	5.13295E6	-89.98214										
2	40	2.41053			2.14721			0.41053		3.0951E-11	1800	5.13328E6	-89.97991										
2	41	2.42105			2.14721			0.42105		3.0951E-11	1800	5.13328E6	-89.97991										
2	42	2.43158			2.14721			0.43158		3.1162E-11	1700	5.09852E6	-89.9809										
2	43	2.44211			2.14721			0.44211		3.1158E-11	2200	5.09918E6	-89.97528										
2	44	2.45263			2.14721			0.45263		3.1137E-11	1500	5.10261E6	-89.98316										
2	45	2.46316			2.14721			0.46316		3.1142E-11	1900	5.10179E6	-89.97866										
2	46	2.47368			2.14721			0.47368		3.1154E-11	1900	5.09983E6	-89.97865										
2	47	2.48421			2.14721			0.48421		3.1152E-11	1800	5.10016E6	-89.97978										
2	48	2.49474			2.14721			0.49474		3.1151E-11	2000	5.10032E6	-89.97753										
2	49	2.50526			2.14721			0.50526		3.1152E-11	1900	5.10016E6	-89.97866										
2	50	2.51579			2.14721			0.51579		3.1155E-11	1800	5.09967E6	-89.97978										
2	51	2.52632			2.14721			0.52632		3.1142E-11	2000	5.10179E6	-89.97754										
2	52	2.53684			2.14721			0.53684		3.1141E-11	1800	5.10196E6	-89.97979										
2	53	2.54737			2.14721			0.54737		3.1141E-11	1900	5.10196E6	-89.97866										
2	54	2.55789			2.14721			0.55789		3.1141E-11	2000	5.10196E6	-89.97754										
2	55	2.56842			2.14721			0.56842		3.114E-11	1900	5.10212E6	-89.97866										
2	56	2.57895			2.14721			0.57895		3.114E-11	1900	5.10212E6	-89.97866										
2	57	2.58947			2.14721			0.58947		3.1144E-11	2000	5.10147E6	-89.97754										
2	58	2.6			2.14721			0.6		3.11E-11	1900	5.10868E6	-89.97869										
2	59	2.61053			2.14721			0.61053		3.1071E-11	1800	5.11345E6	-89.97983										
2	60	2.62105			2.14721			0.62105		3.1135E-11	1800	5.10294E6	-89.97979										
2	61	2.63158			2.14721			0.63158		3.1103E-11	1700	5.10819E6	-89.98093										
2	62	2.64211			2.14721			0.64211		3.1034E-11	1800	5.11955E6	-89.97986										
2	63	2.65263			2.14721			0.65263		3.1035E-11	1900	5.11938E6	-89.97874										
2	64	2.66316			2.14721			0.66316		3.1036E-11	1900	5.11922E6	-89.97873										
2	65	2.67368			2.14721			0.67368		3.1036E-11	1800	5.11922E6	-89.97985										
2	66	2.68421			2.14721			0.68421		3.1034E-11	1800	5.11955E6	-89.97986										
2.5	1	2.5			2.14721			0		3.1215E-11	2000	5.08986E6	-89.97749										
2.5	2	2.51053			2.14721			0.01053		3.1214E-11	1900	5.09003E6	-89.97861										
2.5	3	2.52105			2.14721			0.02105		3.1213E-11	2000	5.09019E6	-89.97749										
2.5	4	2.53158			2.14721			0.03158		3.1213E-11	1800	5.09019E6	-89.97974										
2.5	5	2.54211			2.14721			0.04211		3.1211E-11	2000	5.09052E6	-89.97749										
2.5	6	2.55263			2.14721			0.05263		3.1212E-11	1900	5.09035E6	-89.97861										
2.5	7	2.56316			2.14721			0.06316		3.1211E-11	1800	5.09052E6	-89.97974										
2.5	8	2.57368			2.14721			0.07368		3.1211E-11	2000	5.09052E6	-89.97749										
2.5	9	2.58421			2.14721			0.08421		3.1209E-11	2000	5.09084E6	-89.97749										
2.5	10	2.59474			2.14721			0.09474		3.1204E-11	1900	5.09166E6	-89.97862										
2.5	11	2.60526			2.14721			0.10526		3.1205E-11	1900	5.09149E6	-89.97862										
2.5	12	2.61579			2.14721			0.11579		3.1202E-11	1900	5.09198E6	-89.97862										
2.5	13	2.62632			2.14721			0.12632		3.121E-11	1900	5.09068E6	-89.97862										
2.5	14	2.63684			2.14721			0.13684		3.1207E-11	1900	5.09117E6	-89.97862										
2.5	15	2.64737			2.14721			0.14737		3.1206E-11	1900	5.09133E6	-89.97862										
2.5	16	2.65789			2.14721			0.15789		3.1206E-11	2000	5.09133E6	-89.97749										
2.5	17	2.66842			2.14721			0.16842		3.1207E-11	2000	5.09117E6	-89.97749										
2.5	18	2.67895			2.14721			0.17895		3.1206E-11	1800	5.09133E6	-89.97974										
2.5	19	2.68947			2.14721			0.18947		3.1105E-11	1600	5.10786E6	-89.98205										
2.5	20	2.7			2.14721			0.2		3.11E-11	1900	5.10868E6	-89.97869										
2.5	21	2.71053			2.14721			0.21053		3.1098E-11	1800	5.10901E6	-89.97981										
2.5	22	2.72105			2.14721			0.22105		3.1096E-11	2000	5.10934E6	-89.97757										
2.5	23	2.73158			2.14721			0.23158		3.1094E-11	1600	5.10967E6	-89.98206										
2.5	24	2.74211			2.14721			0.24211		3.1084E-11	1800	5.11131E6	-89.97982										
2.5	25	2.75263			2.14721			0.25263		3.1091E-11	1600	5.11016E6	-89.98206										
2.5	26	2.76316			2.14721			0.26316		3.1094E-11	1600	5.10967E6	-89.98206										
2.5	27	2.77368			2.14721			0.27368		3.1093E-11	1400	5.10983E6	-89.9843										
2.5	28	2.78421			2.14721			0.28421		3.1093E-11	1600	5.10983E6	-89.98206										
2.5	29	2.79474			2.14721			0.29474		3.1092E-11	1600	5.11E6	-89.98206										
2.5	30	2.80526			2.14721			0.30526		3.1092E-11	1600	5.11E6	-89.98206										
2.5	31	2.81579			2.14721			0.31579		3.1089E-11	1800	5.11049E6	-89.97982										
2.5	32	2.82632			2.14721			0.32632		3.109E-11	1600	5.11033E6	-89.98206										
2.5	33	2.83684			2.14721			0.33684		3.1104E-11	1700	5.10803E6	-89.98093										
2.5	34	2.84737			2.14721			0.34737		3.1103E-11	1700	5.10819E6	-89.98093										
2.5	35	2.85789			2.14721			0.35789		3.1103E-11	1400	5.10819E6	-89.9843										
2.5	36	2.86842			2.14721			0.36842		3.1104E-11	1500	5.10803E6	-89.98317										
2.5	37	2.87895			2.14721			0.37895		3.1103E-11	1900	5.10819E6	-89.97869										
2.5	38	2.88947			2.14721			0.38947		3.1174E-11	1900	5.09656E6	-89.97864										
2.5	39	2.9			2.14721			0.4		3.1177E-11	1400	5.09607E6	-89.98426										
2.5	40	2.91053			2.14721			0.41053		3.1132E-11	1700	5.10343E6	-89.98091										
2.5	41	2.92105			2.14721			0.42105		3.1095E-11	1700	5.10951E6	-89.98094										
2.5	42	2.93158			2.14721			0.43158		3.1068E-11	1800	5.11395E6	-89.97983										
2.5	43	2.94211			2.14721			0.44211		3.1227E-11	1700	5.08791E6	-89.98086										
2.5	44	2.95263			2.14721			0.45263		3.1227E-11	1500	5.08791E6	-89.98311										
2.5	45	2.96316			2.14721			0.46316		3.1227E-11	1500	5.08791E6	-89.98311										
2.5	46	2.97368			2.14721			0.47368		3.1227E-11	1700	5.08791E6	-89.98086										
2.5	47	2.98421			2.14721			0.48421		3.1226E-11	1800	5.08807E6	-89.97973										
2.5	48	2.99474			2.14721			0.49474		3.1226E-11	1700	5.08807E6	-89.98086										
2.5	49	3.00526			2.14721			0.50526		3.1262E-11	1800	5.08221E6	-89.97971										
2.5	50	3.01579			2.14721			0.51579		3.1263E-11	1800	5.08205E6	-89.97971										
2.5	51	3.02632			2.14721			0.52632		3.1265E-11	1500	5.08172E6	-89.98309										
2.5	52	3.03684			2.14721			0.53684		3.1266E-11	1500	5.08156E6	-89.98309										
2.5	53	3.04737			2.14721			0.54737		3.1264E-11	1800	5.08189E6	-89.97971										
2.5	54	3.05789			2.14721			0.55789		3.1265E-11	1900	5.08172E6	-89.97858										
2.5	55	3.06842			2.14721			0.56842		3.1265E-11	1800	5.08172E6	-89.97971										
2.5	56	3.07895			2.14721			0.57895		3.1265E-11	1900	5.08172E6	-89.97858										
2.5	57	3.08947			2.14721			0.58947		3.1058E-11	1600	5.11559E6	-89.98208										
2.5	58	3.1			2.14721			0.6		3.1058E-11	1600	5.11559E6	-89.98208										
2.5	59	3.11053			2.14721			0.61053		3.1057E-11	1900	5.11576E6	-89.97872										
2.5	60	3.12105			2.14721			0.62105		3.1057E-11	2000	5.11576E6	-89.9776										
2.5	61	3.13158			2.14721			0.63158		3.1057E-11	1900	5.11576E6	-89.97872										
2.5	62	3.14211			2.14721			0.64211		3.1059E-11	1700	5.11543E6	-89.98096										
2.5	63	3.15263			2.14721			0.65263		3.1143E-11	1800	5.10163E6	-89.97978										
2.5	64	3.16316			2.14721			0.66316		3.1142E-11	1800	5.10179E6	-89.97979										
2.5	65	3.17368			2.14721			0.67368		3.1116E-11	2200	5.10606E6	-89.97531										
2.5	66	3.18421			2.14721			0.68421		3.1053E-11	2000	5.11642E6	-89.9776										
2.5	67	3.19474			2.14721			0.69474		3.1148E-11	1800	5.10081E6	-89.97978										
2.5	68	3.20526			2.14721			0.70526		3.1148E-11	1900	5.10081E6	-89.97866										
2.5	69	3.21579			2.14721			0.71579		3.12E-11	1900	5.09231E6	-89.97862										
2.5	70	3.22632			2.14721			0.72632		3.1202E-11	1800	5.09198E6	-89.97975										
2.5	71	3.23684			2.14721			0.73684		3.1203E-11	1900	5.09182E6	-89.97862										
3	1	3			2.14721			0		3.1402E-11	1800	5.05955E6	-89.97962										
3	2	3.01053			2.14721			0.01053		3.14E-11	1800	5.05988E6	-89.97962										
3	3	3.02105			2.14721			0.02105		3.1387E-11	1700	5.06197E6	-89.98076										
3	4	3.03158			2.14721			0.03158		3.138E-11	1800	5.0631E6	-89.97963										
3	5	3.04211			2.14721			0.04211		3.1372E-11	1900	5.06439E6	-89.9785										
3	6	3.05263			2.14721			0.05263		3.1372E-11	1800	5.06439E6	-89.97964										
3	7	3.06316			2.14721			0.06316		3.137E-11	2100	5.06471E6	-89.97624										
3	8	3.07368			2.14721			0.07368		3.1369E-11	1000	5.06488E6	-89.98869										
3	9	3.08421			2.14721			0.08421		3.1368E-11	2000	5.06504E6	-89.97738										
3	10	3.09474			2.14721			0.09474		3.1367E-11	1800	5.0652E6	-89.97964										
3	11	3.10526			2.14721			0.10526		3.1368E-11	1800	5.06504E6	-89.97964										
3	12	3.11579			2.14721			0.11579		3.1367E-11	2000	5.0652E6	-89.97738										
3	13	3.12632			2.14721			0.12632		3.1366E-11	2000	5.06536E6	-89.97738										
3	14	3.13684			2.14721			0.13684		3.1368E-11	1700	5.06504E6	-89.98077										
3	15	3.14737			2.14721			0.14737		3.1366E-11	2000	5.06536E6	-89.97738										
3	16	3.15789			2.14721			0.15789		3.1365E-11	2000	5.06552E6	-89.97738										
3	17	3.16842			2.14721			0.16842		3.1366E-11	1700	5.06536E6	-89.98077										
3	18	3.17895			2.14721			0.17895		3.1366E-11	2000	5.06536E6	-89.97738										
3	19	3.18947			2.14721			0.18947		3.1365E-11	2000	5.06552E6	-89.97738										
3	20	3.2			2.14721			0.2		3.1365E-11	1900	5.06552E6	-89.97851										
3	21	3.21053			2.14721			0.21053		3.1366E-11	1900	5.06536E6	-89.97851										
3	22	3.22105			2.14721			0.22105		3.1367E-11	1800	5.0652E6	-89.97964										
3	23	3.23158			2.14721			0.23158		3.1366E-11	1800	5.06536E6	-89.97964										
3	24	3.24211			2.14721			0.24211		3.1365E-11	1900	5.06552E6	-89.97851										
3	25	3.25263			2.14721			0.25263		3.1366E-11	2000	5.06536E6	-89.97738										
3	26	3.26316			2.14721			0.26316		3.1366E-11	1700	5.06536E6	-89.98077										
3	27	3.27368			2.14721			0.27368		3.1366E-11	1800	5.06536E6	-89.97964										
3	28	3.28421			2.14721			0.28421		3.1366E-11	1900	5.06536E6	-89.97851										
3	29	3.29474			2.14721			0.29474		3.1364E-11	1900	5.06568E6	-89.97851										
3	30	3.30526			2.14721			0.30526		3.1364E-11	2100	5.06568E6	-89.97625										
3	31	3.31579			2.14721			0.31579		3.1361E-11	2500	5.06617E6	-89.97173										
3	32	3.32632			2.14721			0.32632		3.1372E-11	1900	5.06439E6	-89.9785										
3	33	3.33684			2.14721			0.33684		3.1362E-11	1800	5.06601E6	-89.97964										
3	34	3.34737			2.14721			0.34737		3.1373E-11	1700	5.06423E6	-89.98077										
3	35	3.35789			2.14721			0.35789		3.1371E-11	1600	5.06455E6	-89.9819										
3	36	3.36842			2.14721			0.36842		3.1369E-11	1900	5.06488E6	-89.97851										
3	37	3.37895			2.14721			0.37895		3.1368E-11	1900	5.06504E6	-89.97851										
3	38	3.38947			2.14721			0.38947		3.1367E-11	1700	5.0652E6	-89.98077										
3	39	3.4			2.14721			0.4		3.1369E-11	1700	5.06488E6	-89.98077										
3	40	3.41053			2.14721			0.41053		3.1368E-11	1700	5.06504E6	-89.98077										
3	41	3.42105			2.14721			0.42105		3.1367E-11	1900	5.0652E6	-89.97851										
3	42	3.43158			2.14721			0.43158		3.1368E-11	1900	5.06504E6	-89.97851										
3	43	3.44211			2.14721			0.44211		3.1622E-11	2000	5.02435E6	-89.97719										
3	44	3.45263			2.14721			0.45263		3.1584E-11	2200	5.0304E6	-89.97494										
3	45	3.46316			2.14721			0.46316		3.1579E-11	2000	5.03119E6	-89.97722										
3	46	3.47368			2.14721			0.47368		3.1604E-11	2000	5.02721E6	-89.97721										
3	47	3.48421			2.14721			0.48421		3.1602E-11	2200	5.02753E6	-89.97493										
3	48	3.49474			2.14721			0.49474		3.1608E-11	1200	5.02658E6	-89.98632										
3	49	3.50526			2.14721			0.50526		3.1603E-11	1900	5.02737E6	-89.97835										
3	50	3.51579			2.14721			0.51579		3.1601E-11	1900	5.02769E6	-89.97835										
3	51	3.52632			2.14721			0.52632		3.16E-11	2100	5.02785E6	-89.97607										
3	52	3.53684			2.14721			0.53684		3.16E-11	1900	5.02785E6	-89.97835										
3	53	3.54737			2.14721			0.54737		3.1601E-11	1700	5.02769E6	-89.98063										
3	54	3.55789			2.14721			0.55789		3.1605E-11	2000	5.02706E6	-89.97721										
3	55	3.56842			2.14721			0.56842		3.1609E-11	1800	5.02642E6	-89.97948										
3	56	3.57895			2.14721			0.57895		3.1486E-11	1800	5.04606E6	-89.97956										
3	57	3.58947			2.14721			0.58947		3.1489E-11	2000	5.04557E6	-89.97729										
3	58	3.6			2.14721			0.6		3.1425E-11	1900	5.05585E6	-89.97847										
3	59	3.61053			2.14721			0.61053		3.1425E-11	1900	5.05585E6	-89.97847										
3	60	3.62105			2.14721			0.62105		3.163E-11	2100	5.02308E6	-89.97605										
3	61	3.63158			2.14721			0.63158		3.1459E-11	1800	5.05039E6	-89.97958										
3	62	3.64211			2.14721			0.64211		3.1423E-11	1800	5.05617E6	-89.9796										
3	63	3.65263			2.14721			0.65263		3.1613E-11	1800	5.02578E6	-89.97948										
3	64	3.66316			2.14721			0.66316		3.1555E-11	1800	5.03502E6	-89.97952										
3	65	3.67368			2.14721			0.67368		3.1642E-11	2100	5.02118E6	-89.97604										
3	66	3.68421			2.14721			0.68421		3.1629E-11	2000	5.02324E6	-89.97719										
3	67	3.69474			2.14721			0.69474		3.1404E-11	1900	5.05923E6	-89.97848										
3	68	3.70526			2.14721			0.70526		3.1487E-11	1900	5.04589E6	-89.97843										
3	69	3.71579			2.14721			0.71579		3.1466E-11	2200	5.04926E6	-89.97504										
3	70	3.72632			2.14721			0.72632		3.1415E-11	2000	5.05746E6	-89.97734										
3	71	3.73684			2.14721			0.73684		3.1417E-11	1800	5.05714E6	-89.97961										
3	72	3.74737			2.14721			0.74737		3.1623E-11	2100	5.02419E6	-89.97605										
3	73	3.75789			2.14721			0.75789		3.1614E-11	1800	5.02562E6	-89.97948										
3	74	3.76842			2.14721			0.76842		3.1492E-11	1900	5.04509E6	-89.97842										
3	75	3.77895			2.14721			0.77895		3.1494E-11	1800	5.04477E6	-89.97956										
3	76	3.78947			2.14721			0.78947		3.1633E-11	1600	5.02261E6	-89.98175										
3	77	3.8			2.14721			0.8		3.148E-11	2100	5.04702E6	-89.97616										
3	78	3.81053			2.14721			0.81053		3.149E-11	1600	5.04541E6	-89.98183										
3	79	3.82105			2.14721			0.82105		3.1573E-11	2100	5.03215E6	-89.97609										
3	80	3.83158			2.14721			0.83158		3.1477E-11	1900	5.0475E6	-89.97843										
3	81	3.84211			2.14721			0.84211		3.1476E-11	1900	5.04766E6	-89.97843										
3	82	3.85263			2.14721			0.85263		3.1608E-11	2000	5.02658E6	-89.9772										
3	83	3.86316			2.14721			0.86316		3.1608E-11	1700	5.02658E6	-89.98062										
3	84	3.87368			2.14721			0.87368		3.1411E-11	2000	5.0581E6	-89.97734										
3	85	3.88421			2.14721			0.88421		3.1467E-11	2000	5.0491E6	-89.9773										
3	86	3.89474			2.14721			0.89474		3.1467E-11	1800	5.0491E6	-89.97957										
3	87	3.90526			2.14721			0.90526		3.1467E-11	1800	5.0491E6	-89.97957										
3	88	3.91579			2.14721			0.91579		3.1469E-11	1700	5.04878E6	-89.98071										
3	89	3.92632			2.14721			0.92632		3.1467E-11	1900	5.0491E6	-89.97844										
3	90	3.93684			2.14721			0.93684		3.1468E-11	2000	5.04894E6	-89.9773										
3	91	3.94737			2.14721			0.94737		3.1467E-11	2000	5.0491E6	-89.9773										
3	92	3.95789			2.14721			0.95789		3.1468E-11	2100	5.04894E6	-89.97617										
3	93	3.96842			2.14721			0.96842		3.1467E-11	2100	5.0491E6	-89.97617										
3	94	3.97895			2.14721			0.97895		3.1469E-11	1800	5.04878E6	-89.97957										
3	95	3.98947			2.14721			0.98947		3.1468E-11	1700	5.04894E6	-89.98071										
3	96	4			2.14721			1		3.1467E-11	2000	5.0491E6	-89.9773										
4	1	4			2.14721			0		3.1535E-11	2800	5.03821E6	-89.96816										
4	2	4.01053			2.14721			0.01053		3.1532E-11	2900	5.03869E6	-89.96702										
4	3	4.02105			2.14721			0.02105		3.1528E-11	2500	5.03933E6	-89.97158										
4	4	4.03158			2.14721			0.03158		3.1519E-11	2400	5.04077E6	-89.97272										
4	5	4.04211			2.14721			0.04211		3.1632E-11	2000	5.02276E6	-89.97719										
4	6	4.05263			2.14721			0.05263		3.1523E-11	2100	5.04013E6	-89.97613										
4	7	4.06316			2.14721			0.06316		3.158E-11	1800	5.03104E6	-89.9795										
4	8	4.07368			2.14721			0.07368		3.1595E-11	1800	5.02865E6	-89.97949										
4	9	4.08421			2.14721			0.08421		3.1614E-11	1900	5.02562E6	-89.97834										
4	10	4.09474			2.14721			0.09474		3.1622E-11	1900	5.02435E6	-89.97833										
4	11	4.10526			2.14721			0.10526		3.1516E-11	2100	5.04125E6	-89.97613										
4	12	4.11579			2.14721			0.11579		3.1627E-11	2200	5.02356E6	-89.97491										
4	13	4.12632			2.14721			0.12632		3.1625E-11	2600	5.02388E6	-89.97035										
4	14	4.13684			2.14721			0.13684		3.16E-11	1300	5.02785E6	-89.98519										
4	15	4.14737			2.14721			0.14737		3.1598E-11	2100	5.02817E6	-89.97607										
4	16	4.15789			2.14721			0.15789		3.1587E-11	2300	5.02992E6	-89.9738										
4	17	4.16842			2.14721			0.16842		3.1598E-11	2000	5.02817E6	-89.97721										
4	18	4.17895			2.14721			0.17895		3.1597E-11	2100	5.02833E6	-89.97607										
4	19	4.18947			2.14721			0.18947		3.1595E-11	1800	5.02865E6	-89.97949										
4	20	4.2			2.14721			0.2		3.1511E-11	1800	5.04205E6	-89.97955										
4	21	4.21053			2.14721			0.21053		3.1514E-11	1800	5.04157E6	-89.97954										
4	22	4.22105			2.14721			0.22105		3.1514E-11	2000	5.04157E6	-89.97727										
4	23	4.23158			2.14721			0.23158		3.1513E-11	2000	5.04173E6	-89.97727										
4	24	4.24211			2.14721			0.24211		3.1514E-11	2100	5.04157E6	-89.97613										
4	25	4.25263			2.14721			0.25263		3.1672E-11	2200	5.01642E6	-89.97487										
4	26	4.26316			2.14721			0.26316		3.167E-11	2000	5.01674E6	-89.97716										
4	27	4.27368			2.14721			0.27368		3.1682E-11	1700	5.01484E6	-89.98058										
4	28	4.28421			2.14721			0.28421		3.1689E-11	2800	5.01373E6	-89.968										
4	29	4.29474			2.14721			0.29474		3.1695E-11	1900	5.01278E6	-89.97828										
4	30	4.30526			2.14721			0.30526		3.1698E-11	2300	5.01231E6	-89.97371										
4	31	4.31579			2.14721			0.31579		3.1696E-11	2400	5.01262E6	-89.97257										
4	32	4.32632			2.14721			0.32632		3.1697E-11	2600	5.01246E6	-89.97028										
4	33	4.33684			2.14721			0.33684		3.1695E-11	2400	5.01278E6	-89.97257										
4	34	4.34737			2.14721			0.34737		3.1695E-11	2600	5.01278E6	-89.97028										
4	35	4.35789			2.14721			0.35789		3.1695E-11	2300	5.01278E6	-89.97371										
4	36	4.36842			2.14721			0.36842		3.1674E-11	2300	5.0161E6	-89.97373										
4	37	4.37895			2.14721			0.37895		3.1675E-11	2300	5.01595E6	-89.97373										
4	38	4.38947			2.14721			0.38947		3.1673E-11	2200	5.01626E6	-89.97487										
4	39	4.4			2.14721			0.4		3.1673E-11	2400	5.01626E6	-89.97259										
4	40	4.41053			2.14721			0.41053		3.1671E-11	2400	5.01658E6	-89.97259										
4	41	4.42105			2.14721			0.42105		3.1688E-11	2400	5.01389E6	-89.97257										
4	42	4.43158			2.14721			0.43158		3.1686E-11	2400	5.0142E6	-89.97258										
4	43	4.44211			2.14721			0.44211		3.1673E-11	2900	5.01626E6	-89.96688										
4	44	4.45263			2.14721			0.45263		3.1665E-11	2200	5.01753E6	-89.97488										
4	45	4.46316			2.14721			0.46316		3.1678E-11	1900	5.01547E6	-89.97829										
4	46	4.47368			2.14721			0.47368		3.1701E-11	2200	5.01183E6	-89.97485										
4	47	4.48421			2.14721			0.48421		3.1702E-11	1800	5.01167E6	-89.97942										
4	48	4.49474			2.14721			0.49474		3.1679E-11	1800	5.01531E6	-89.97944										
4	49	4.50526			2.14721			0.50526		3.168E-11	1900	5.01515E6	-89.97829										
4	50	4.51579			2.14721			0.51579		3.1714E-11	2000	5.00978E6	-89.97713										
4	51	4.52632			2.14721			0.52632		3.1714E-11	1900	5.00978E6	-89.97827										
4	52	4.53684			2.14721			0.53684		3.1685E-11	1900	5.01436E6	-89.97829										
4	53	4.54737			2.14721			0.54737		3.169E-11	1500	5.01357E6	-89.98286										
4	54	4.55789			2.14721			0.55789		3.1691E-11	2700	5.01341E6	-89.96914										
4	55	4.56842			2.14721			0.56842		3.1705E-11	2200	5.0112E6	-89.97485										
4	56	4.57895			2.14721			0.57895		3.1682E-11	2000	5.01484E6	-89.97715										
4	57	4.58947			2.14721			0.58947		3.1631E-11	2300	5.02292E6	-89.97376										
4	58	4.6			2.14721			0.6		3.163E-11	2100	5.02308E6	-89.97605										
4	59	4.61053			2.14721			0.61053		3.1555E-11	2000	5.03502E6	-89.97724										
4	60	4.62105			2.14721			0.62105		3.1671E-11	2400	5.01658E6	-89.97259										
4	61	4.63158			2.14721			0.63158		3.1672E-11	2000	5.01642E6	-89.97716										
4	62	4.64211			2.14721			0.64211		3.1672E-11	1900	5.01642E6	-89.9783										
4	63	4.65263			2.14721			0.65263		3.1672E-11	1900	5.01642E6	-89.9783										