1	1	1	0	0	2.14721	0	0	0		3.0814E-11	700	5.1561E6	-89.99222		0	0	0	0		0	0	0	0
1	2	1.00543			2.14721			0.00543		3.0814E-11	700	5.1561E6	-89.99222										
1	3	1.01087			2.14721			0.01087		3.0812E-11	700	5.15644E6	-89.99222										
1	4	1.0163			2.14721			0.0163		3.0813E-11	800	5.15627E6	-89.99111										
1	5	1.02174			2.14721			0.02174		3.0812E-11	800	5.15644E6	-89.99111										
1	6	1.02717			2.14721			0.02717		3.0812E-11	800	5.15644E6	-89.99111										
1	7	1.03261			2.14721			0.03261		3.0812E-11	900	5.15644E6	-89.99										
1	8	1.03804			2.14721			0.03804		3.0812E-11	900	5.15644E6	-89.99										
1	9	1.04348			2.14721			0.04348		3.0819E-11	800	5.15526E6	-89.99111										
1	10	1.04891			2.14721			0.04891		3.0803E-11	800	5.15794E6	-89.99111										
1	11	1.05435			2.14721			0.05435		3.0813E-11	800	5.15627E6	-89.99111										
1	12	1.05978			2.14721			0.05978		3.0813E-11	900	5.15627E6	-89.99										
1	13	1.06522			2.14721			0.06522		3.0812E-11	800	5.15644E6	-89.99111										
1	14	1.07065			2.14721			0.07065		3.0814E-11	800	5.1561E6	-89.99111										
1	15	1.07609			2.14721			0.07609		3.0812E-11	800	5.15644E6	-89.99111										
1	16	1.08152			2.14721			0.08152		3.0812E-11	900	5.15644E6	-89.99										
1	17	1.08696			2.14721			0.08696		3.0812E-11	1000	5.15644E6	-89.98889										
1	18	1.09239			2.14721			0.09239		3.0805E-11	700	5.15761E6	-89.99222										
1	19	1.09783			2.14721			0.09783		3.0803E-11	900	5.15794E6	-89.99										
1	20	1.10326			2.14721			0.10326		3.0803E-11	800	5.15794E6	-89.99111										
1	21	1.1087			2.14721			0.1087		3.0802E-11	900	5.15811E6	-89.99										
1	22	1.11413			2.14721			0.11413		3.0736E-11	900	5.16919E6	-89.99002										
1	23	1.11957			2.14721			0.11957		3.0736E-11	1000	5.16919E6	-89.98892										
1	24	1.125			2.14721			0.125		3.0735E-11	900	5.16935E6	-89.99002										
1	25	1.13043			2.14721			0.13043		3.0737E-11	800	5.16902E6	-89.99113										
1	26	1.13587			2.14721			0.13587		3.0736E-11	900	5.16919E6	-89.99002										
1	27	1.1413			2.14721			0.1413		3.0735E-11	800	5.16935E6	-89.99113										
1	28	1.14674			2.14721			0.14674		3.0734E-11	800	5.16952E6	-89.99113										
1	29	1.15217			2.14721			0.15217		3.0736E-11	900	5.16919E6	-89.99002										
1	30	1.15761			2.14721			0.15761		3.0796E-11	900	5.15911E6	-89.99										
1	31	1.16304			2.14721			0.16304		3.0822E-11	900	5.15476E6	-89.99										
1	32	1.16848			2.14721			0.16848		3.082E-11	900	5.1551E6	-89.99										
1	33	1.17391			2.14721			0.17391		3.082E-11	1000	5.1551E6	-89.98889										
1	34	1.17935			2.14721			0.17935		3.082E-11	900	5.1551E6	-89.99										
1	35	1.18478			2.14721			0.18478		3.0822E-11	800	5.15476E6	-89.99111										
1	36	1.19022			2.14721			0.19022		3.0823E-11	800	5.1546E6	-89.99111										
1	37	1.19565			2.14721			0.19565		3.0821E-11	800	5.15493E6	-89.99111										
1	38	1.20109			2.14721			0.20109		3.0821E-11	1000	5.15493E6	-89.98889										
1	39	1.20652			2.14721			0.20652		3.0821E-11	700	5.15493E6	-89.99222										
1	40	1.21196			2.14721			0.21196		3.0821E-11	800	5.15493E6	-89.99111										
1	41	1.21739			2.14721			0.21739		3.082E-11	800	5.1551E6	-89.99111										
1	42	1.22283			2.14721			0.22283		3.0799E-11	900	5.15861E6	-89.99										
1	43	1.22826			2.14721			0.22826		3.0796E-11	800	5.15911E6	-89.99112										
1	44	1.2337			2.14721			0.2337		3.0797E-11	900	5.15895E6	-89.99										
1	45	1.23913			2.14721			0.23913		3.0795E-11	1000	5.15928E6	-89.98889										
1	46	1.24457			2.14721			0.24457		3.0796E-11	800	5.15911E6	-89.99112										
1	47	1.25			2.14721			0.25		3.0793E-11	800	5.15962E6	-89.99112										
1	48	1.25543			2.14721			0.25543		3.0793E-11	1000	5.15962E6	-89.9889										
1	49	1.26087			2.14721			0.26087		3.0793E-11	700	5.15962E6	-89.99223										
1	50	1.2663			2.14721			0.2663		3.0793E-11	800	5.15962E6	-89.99112										
1	51	1.27174			2.14721			0.27174		3.0794E-11	800	5.15945E6	-89.99112										
1	52	1.27717			2.14721			0.27717		3.0806E-11	800	5.15744E6	-89.99111										
1	53	1.28261			2.14721			0.28261		3.0779E-11	800	5.16196E6	-89.99112										
1	54	1.28804			2.14721			0.28804		3.0726E-11	800	5.17087E6	-89.99114										
1	55	1.29348			2.14721			0.29348		3.0727E-11	800	5.1707E6	-89.99114										
1	56	1.29891			2.14721			0.29891		3.0724E-11	1000	5.1712E6	-89.98892										
1	57	1.30435			2.14721			0.30435		3.0726E-11	800	5.17087E6	-89.99114										
1	58	1.30978			2.14721			0.30978		3.0726E-11	800	5.17087E6	-89.99114										
1	59	1.31522			2.14721			0.31522		3.073E-11	800	5.17019E6	-89.99113										
1	60	1.32065			2.14721			0.32065		3.0731E-11	900	5.17003E6	-89.99003										
1	61	1.32609			2.14721			0.32609		3.0732E-11	900	5.16986E6	-89.99003										
1	62	1.33152			2.14721			0.33152		3.0739E-11	900	5.16868E6	-89.99002										
1	63	1.33696			2.14721			0.33696		3.0757E-11	500	5.16566E6	-89.99445										
1	64	1.34239			2.14721			0.34239		3.0761E-11	800	5.16498E6	-89.99113										
1	65	1.34783			2.14721			0.34783		3.0759E-11	800	5.16532E6	-89.99113										
1	66	1.35326			2.14721			0.35326		3.0813E-11	800	5.15627E6	-89.99111										
1	67	1.3587			2.14721			0.3587		3.0812E-11	900	5.15644E6	-89.99										
1	68	1.36413			2.14721			0.36413		3.081E-11	800	5.15677E6	-89.99111										
1	69	1.36957			2.14721			0.36957		3.0812E-11	700	5.15644E6	-89.99222										
1	70	1.375			2.14721			0.375		3.0812E-11	800	5.15644E6	-89.99111										
1	71	1.38043			2.14721			0.38043		3.0812E-11	900	5.15644E6	-89.99										
1	72	1.38587			2.14721			0.38587		3.0819E-11	900	5.15526E6	-89.99										
1	73	1.3913			2.14721			0.3913		3.0817E-11	800	5.1556E6	-89.99111										
1	74	1.39674			2.14721			0.39674		3.0817E-11	800	5.1556E6	-89.99111										
1	75	1.40217			2.14721			0.40217		3.0817E-11	800	5.1556E6	-89.99111										
1	76	1.40761			2.14721			0.40761		3.0819E-11	700	5.15526E6	-89.99222										
1	77	1.41304			2.14721			0.41304		3.0767E-11	900	5.16398E6	-89.99001										
1	78	1.41848			2.14721			0.41848		3.076E-11	900	5.16515E6	-89.99002										
1	79	1.42391			2.14721			0.42391		3.0761E-11	900	5.16498E6	-89.99002										
1	80	1.42935			2.14721			0.42935		3.0761E-11	800	5.16498E6	-89.99113										
1	81	1.43478			2.14721			0.43478		3.0762E-11	800	5.16482E6	-89.99113										
1	82	1.44022			2.14721			0.44022		3.076E-11	800	5.16515E6	-89.99113										
1	83	1.44565			2.14721			0.44565		3.0761E-11	800	5.16498E6	-89.99113										
1	84	1.45109			2.14721			0.45109		3.0761E-11	900	5.16498E6	-89.99002										
1	85	1.45652			2.14721			0.45652		3.0759E-11	700	5.16532E6	-89.99224										
1	86	1.46196			2.14721			0.46196		3.076E-11	900	5.16515E6	-89.99002										
1	87	1.46739			2.14721			0.46739		3.0759E-11	900	5.16532E6	-89.99002										
1	88	1.47283			2.14721			0.47283		3.0759E-11	800	5.16532E6	-89.99113										
1	89	1.47826			2.14721			0.47826		3.075E-11	700	5.16683E6	-89.99224										
1	90	1.4837			2.14721			0.4837		3.0742E-11	900	5.16818E6	-89.99002										
1	91	1.48913			2.14721			0.48913		3.0742E-11	900	5.16818E6	-89.99002										
1	92	1.49457			2.14721			0.49457		3.0744E-11	800	5.16784E6	-89.99113										
1	93	1.5			2.14721			0.5		3.0745E-11	700	5.16767E6	-89.99224										
1	94	1.50543			2.14721			0.50543		3.0753E-11	600	5.16633E6	-89.99335										
1	95	1.51087			2.14721			0.51087		3.0736E-11	1300	5.16919E6	-89.98559										
1	96	1.5163			2.14721			0.5163		3.0809E-11	900	5.15694E6	-89.99										
1	97	1.52174			2.14721			0.52174		3.0803E-11	800	5.15794E6	-89.99111										
1	98	1.52717			2.14721			0.52717		3.0802E-11	700	5.15811E6	-89.99222										
1	99	1.53261			2.14721			0.53261		3.0801E-11	800	5.15828E6	-89.99111										
1	100	1.53804			2.14721			0.53804		3.0802E-11	800	5.15811E6	-89.99111										
1	101	1.54348			2.14721			0.54348		3.0801E-11	700	5.15828E6	-89.99222										
1	102	1.54891			2.14721			0.54891		3.0801E-11	800	5.15828E6	-89.99111										
1	103	1.55435			2.14721			0.55435		3.0802E-11	800	5.15811E6	-89.99111										
1	104	1.55978			2.14721			0.55978		3.0802E-11	700	5.15811E6	-89.99222										
1	105	1.56522			2.14721			0.56522		3.0802E-11	600	5.15811E6	-89.99334										
1	106	1.57065			2.14721			0.57065		3.0799E-11	800	5.15861E6	-89.99111										
1	107	1.57609			2.14721			0.57609		3.0802E-11	800	5.15811E6	-89.99111										
1	108	1.58152			2.14721			0.58152		3.0786E-11	900	5.16079E6	-89.99001										
1	109	1.58696			2.14721			0.58696		3.0786E-11	900	5.16079E6	-89.99001										
1	110	1.59239			2.14721			0.59239		3.0788E-11	800	5.16045E6	-89.99112										
1	111	1.59783			2.14721			0.59783		3.0801E-11	900	5.15828E6	-89.99										
1	112	1.60326			2.14721			0.60326		3.0818E-11	600	5.15543E6	-89.99333										
1	113	1.6087			2.14721			0.6087		3.0838E-11	900	5.15209E6	-89.98999										
1	114	1.61413			2.14721			0.61413		3.0836E-11	900	5.15242E6	-89.98999										
1	115	1.61957			2.14721			0.61957		3.0837E-11	900	5.15225E6	-89.98999										
1	116	1.625			2.14721			0.625		3.0878E-11	700	5.14541E6	-89.99221										
1	117	1.63043			2.14721			0.63043		3.0841E-11	900	5.15159E6	-89.98999										
1	118	1.63587			2.14721			0.63587		3.084E-11	800	5.15175E6	-89.9911										
1	119	1.6413			2.14721			0.6413		3.084E-11	800	5.15175E6	-89.9911										
1	120	1.64674			2.14721			0.64674		3.0851E-11	700	5.14992E6	-89.99221										
1	121	1.65217			2.14721			0.65217		3.0846E-11	800	5.15075E6	-89.9911										
1	122	1.65761			2.14721			0.65761		3.079E-11	800	5.16012E6	-89.99112										
1	123	1.66304			2.14721			0.66304		3.0789E-11	800	5.16029E6	-89.99112										
1	124	1.66848			2.14721			0.66848		3.0791E-11	900	5.15995E6	-89.99001										
1	125	1.67391			2.14721			0.67391		3.0789E-11	700	5.16029E6	-89.99223										
1	126	1.67935			2.14721			0.67935		3.0788E-11	1000	5.16045E6	-89.9889										
1	127	1.68478			2.14721			0.68478		3.0791E-11	900	5.15995E6	-89.99001										
1	128	1.69022			2.14721			0.69022		3.0789E-11	800	5.16029E6	-89.99112										
1	129	1.69565			2.14721			0.69565		3.079E-11	800	5.16012E6	-89.99112										
1	130	1.70109			2.14721			0.70109		3.0789E-11	800	5.16029E6	-89.99112										
1	131	1.70652			2.14721			0.70652		3.0791E-11	800	5.15995E6	-89.99112										
1	132	1.71196			2.14721			0.71196		3.0786E-11	900	5.16079E6	-89.99001										
1	133	1.71739			2.14721			0.71739		3.0789E-11	900	5.16029E6	-89.99001										
1	134	1.72283			2.14721			0.72283		3.0791E-11	800	5.15995E6	-89.99112										
1	135	1.72826			2.14721			0.72826		3.0799E-11	800	5.15861E6	-89.99111										
1	136	1.7337			2.14721			0.7337		3.0795E-11	1000	5.15928E6	-89.98889										
1	137	1.73913			2.14721			0.73913		3.0795E-11	700	5.15928E6	-89.99223										
1	138	1.74457			2.14721			0.74457		3.0794E-11	800	5.15945E6	-89.99112										
1	139	1.75			2.14721			0.75		3.0791E-11	700	5.15995E6	-89.99223										
1	140	1.75543			2.14721			0.75543		3.079E-11	800	5.16012E6	-89.99112										
1	141	1.76087			2.14721			0.76087		3.0782E-11	500	5.16146E6	-89.99445										
1	142	1.7663			2.14721			0.7663		3.0783E-11	800	5.16129E6	-89.99112										
1	143	1.77174			2.14721			0.77174		3.0781E-11	1000	5.16163E6	-89.9889										
1	144	1.77717			2.14721			0.77717		3.0783E-11	700	5.16129E6	-89.99223										
1	145	1.78261			2.14721			0.78261		3.0783E-11	800	5.16129E6	-89.99112										
1	146	1.78804			2.14721			0.78804		3.0785E-11	700	5.16096E6	-89.99223										
1	147	1.79348			2.14721			0.79348		3.0782E-11	900	5.16146E6	-89.99001										
1	148	1.79891			2.14721			0.79891		3.0783E-11	700	5.16129E6	-89.99223										
1	149	1.80435			2.14721			0.80435		3.0789E-11	800	5.16029E6	-89.99112										
1	150	1.80978			2.14721			0.80978		3.0782E-11	800	5.16146E6	-89.99112										
1	151	1.81522			2.14721			0.81522		3.0783E-11	700	5.16129E6	-89.99223										
1	152	1.82065			2.14721			0.82065		3.0782E-11	900	5.16146E6	-89.99001										
1	153	1.82609			2.14721			0.82609		3.0782E-11	900	5.16146E6	-89.99001										
1	154	1.83152			2.14721			0.83152		3.0781E-11	800	5.16163E6	-89.99112										
1	155	1.83696			2.14721			0.83696		3.0781E-11	800	5.16163E6	-89.99112										
1	156	1.84239			2.14721			0.84239		3.0784E-11	700	5.16113E6	-89.99223										
1	157	1.84783			2.14721			0.84783		3.0782E-11	700	5.16146E6	-89.99223										
1	158	1.85326			2.14721			0.85326		3.0816E-11	900	5.15577E6	-89.99										
1	159	1.8587			2.14721			0.8587		3.0842E-11	900	5.15142E6	-89.98999										
1	160	1.86413			2.14721			0.86413		3.0842E-11	700	5.15142E6	-89.99221										
1	161	1.86957			2.14721			0.86957		3.0841E-11	700	5.15159E6	-89.99221										
1	162	1.875			2.14721			0.875		3.078E-11	1300	5.1618E6	-89.98557										
1	163	1.88043			2.14721			0.88043		3.0793E-11	900	5.15962E6	-89.99001										
1	164	1.88587			2.14721			0.88587		3.0794E-11	700	5.15945E6	-89.99223										
1	165	1.8913			2.14721			0.8913		3.0794E-11	800	5.15945E6	-89.99112										
2	1	2			2.14721			0		3.1061E-11	1100	5.1151E6	-89.98768										
2	2	2.00543			2.14721			0.00543		3.1059E-11	1000	5.11543E6	-89.9888										
2	3	2.01087			2.14721			0.01087		3.1058E-11	1200	5.11559E6	-89.98656										
2	4	2.0163			2.14721			0.0163		3.1057E-11	1100	5.11576E6	-89.98768										
2	5	2.02174			2.14721			0.02174		3.1056E-11	900	5.11592E6	-89.98992										
2	6	2.02717			2.14721			0.02717		3.1056E-11	900	5.11592E6	-89.98992										
2	7	2.03261			2.14721			0.03261		3.1057E-11	1000	5.11576E6	-89.9888										
2	8	2.03804			2.14721			0.03804		3.1056E-11	1000	5.11592E6	-89.9888										
2	9	2.04348			2.14721			0.04348		3.1055E-11	900	5.11609E6	-89.98992										
2	10	2.04891			2.14721			0.04891		3.1054E-11	1000	5.11625E6	-89.9888										
2	11	2.05435			2.14721			0.05435		3.1055E-11	900	5.11609E6	-89.98992										
2	12	2.05978			2.14721			0.05978		3.1054E-11	1100	5.11625E6	-89.98768										
2	13	2.06522			2.14721			0.06522		3.1054E-11	1100	5.11625E6	-89.98768										
2	14	2.07065			2.14721			0.07065		3.1053E-11	1200	5.11642E6	-89.98656										
2	15	2.07609			2.14721			0.07609		3.1053E-11	1000	5.11642E6	-89.9888										
2	16	2.08152			2.14721			0.08152		3.0967E-11	1000	5.13063E6	-89.98883										
2	17	2.08696			2.14721			0.08696		3.0966E-11	1000	5.13079E6	-89.98883										
2	18	2.09239			2.14721			0.09239		3.0963E-11	1000	5.13129E6	-89.98883										
2	19	2.09783			2.14721			0.09783		3.0959E-11	1000	5.13195E6	-89.98884										
2	20	2.10326			2.14721			0.10326		3.1075E-11	900	5.11279E6	-89.98991										
2	21	2.1087			2.14721			0.1087		3.1068E-11	1000	5.11395E6	-89.9888										
2	22	2.11413			2.14721			0.11413		3.1066E-11	900	5.11428E6	-89.98992										
2	23	2.11957			2.14721			0.11957		3.1066E-11	1000	5.11428E6	-89.9888										
2	24	2.125			2.14721			0.125		3.1068E-11	1000	5.11395E6	-89.9888										
2	25	2.13043			2.14721			0.13043		3.1066E-11	900	5.11428E6	-89.98992										
2	26	2.13587			2.14721			0.13587		3.1065E-11	900	5.11444E6	-89.98992										
2	27	2.1413			2.14721			0.1413		3.1025E-11	1000	5.12103E6	-89.98881										
2	28	2.14674			2.14721			0.14674		3.0959E-11	900	5.13195E6	-89.98995										
2	29	2.15217			2.14721			0.15217		3.0961E-11	1000	5.13162E6	-89.98883										
2	30	2.15761			2.14721			0.15761		3.096E-11	1000	5.13179E6	-89.98884										
2	31	2.16304			2.14721			0.16304		3.0962E-11	800	5.13145E6	-89.99107										
2	32	2.16848			2.14721			0.16848		3.0959E-11	900	5.13195E6	-89.98995										
2	33	2.17391			2.14721			0.17391		3.0962E-11	900	5.13145E6	-89.98995										
2	34	2.17935			2.14721			0.17935		3.096E-11	900	5.13179E6	-89.98995										
2	35	2.18478			2.14721			0.18478		3.0959E-11	800	5.13195E6	-89.99107										
2	36	2.19022			2.14721			0.19022		3.096E-11	1000	5.13179E6	-89.98884										
2	37	2.19565			2.14721			0.19565		3.0962E-11	900	5.13145E6	-89.98995										
2	38	2.20109			2.14721			0.20109		3.0954E-11	1000	5.13278E6	-89.98884										
2	39	2.20652			2.14721			0.20652		3.0941E-11	900	5.13494E6	-89.98996										
2	40	2.21196			2.14721			0.21196		3.1123E-11	800	5.10491E6	-89.99102										
2	41	2.21739			2.14721			0.21739		3.1121E-11	900	5.10524E6	-89.9899										
2	42	2.22283			2.14721			0.22283		3.1121E-11	900	5.10524E6	-89.9899										
2	43	2.22826			2.14721			0.22826		3.1118E-11	900	5.10573E6	-89.9899										
2	44	2.2337			2.14721			0.2337		3.1122E-11	700	5.10507E6	-89.99214										
2	45	2.23913			2.14721			0.23913		3.1121E-11	900	5.10524E6	-89.9899										
2	46	2.24457			2.14721			0.24457		3.1119E-11	1000	5.10557E6	-89.98878										
2	47	2.25			2.14721			0.25		3.1121E-11	900	5.10524E6	-89.9899										
2	48	2.25543			2.14721			0.25543		3.1119E-11	1000	5.10557E6	-89.98878										
2	49	2.26087			2.14721			0.26087		3.1118E-11	1100	5.10573E6	-89.98766										
2	50	2.2663			2.14721			0.2663		3.0993E-11	900	5.12632E6	-89.98994										
2	51	2.27174			2.14721			0.27174		3.0952E-11	1000	5.13311E6	-89.98884										
2	52	2.27717			2.14721			0.27717		3.0952E-11	900	5.13311E6	-89.98995										
2	53	2.28261			2.14721			0.28261		3.0953E-11	900	5.13295E6	-89.98995										
2	54	2.28804			2.14721			0.28804		3.0952E-11	900	5.13311E6	-89.98995										
2	55	2.29348			2.14721			0.29348		3.0951E-11	1000	5.13328E6	-89.98884										
2	56	2.29891			2.14721			0.29891		3.0953E-11	1100	5.13295E6	-89.98772										
2	57	2.30435			2.14721			0.30435		3.0979E-11	900	5.12864E6	-89.98995										
2	58	2.30978			2.14721			0.30978		3.1102E-11	900	5.10836E6	-89.98991										
2	59	2.31522			2.14721			0.31522		3.11E-11	1100	5.10868E6	-89.98766										
2	60	2.32065			2.14721			0.32065		3.1108E-11	1000	5.10737E6	-89.98878										
2	61	2.32609			2.14721			0.32609		3.1092E-11	800	5.11E6	-89.99103										
2	62	2.33152			2.14721			0.33152		3.109E-11	900	5.11033E6	-89.98991										
2	63	2.33696			2.14721			0.33696		3.1088E-11	1100	5.11066E6	-89.98767										
2	64	2.34239			2.14721			0.34239		3.1089E-11	1000	5.11049E6	-89.98879										
2	65	2.34783			2.14721			0.34783		3.109E-11	1000	5.11033E6	-89.98879										
2	66	2.35326			2.14721			0.35326		3.109E-11	700	5.11033E6	-89.99215										
2	67	2.3587			2.14721			0.3587		3.1089E-11	1100	5.11049E6	-89.98767										
2	68	2.36413			2.14721			0.36413		3.1089E-11	900	5.11049E6	-89.98991										
2	69	2.36957			2.14721			0.36957		3.109E-11	700	5.11033E6	-89.99215										
2	70	2.375			2.14721			0.375		3.109E-11	900	5.11033E6	-89.98991										
2	71	2.38043			2.14721			0.38043		3.098E-11	1000	5.12847E6	-89.98883										
2	72	2.38587			2.14721			0.38587		3.0965E-11	800	5.13096E6	-89.99107										
2	73	2.3913			2.14721			0.3913		3.0967E-11	1100	5.13063E6	-89.98772										
2	74	2.39674			2.14721			0.39674		3.0965E-11	1000	5.13096E6	-89.98883										
2	75	2.40217			2.14721			0.40217		3.0965E-11	900	5.13096E6	-89.98995										
2	76	2.40761			2.14721			0.40761		3.0967E-11	1000	5.13063E6	-89.98883										
2	77	2.41304			2.14721			0.41304		3.0968E-11	800	5.13046E6	-89.99107										
2	78	2.41848			2.14721			0.41848		3.0967E-11	900	5.13063E6	-89.98995										
2	79	2.42391			2.14721			0.42391		3.0968E-11	900	5.13046E6	-89.98995										
2	80	2.42935			2.14721			0.42935		3.0968E-11	1000	5.13046E6	-89.98883										
2	81	2.43478			2.14721			0.43478		3.0966E-11	1000	5.13079E6	-89.98883										
2	82	2.44022			2.14721			0.44022		3.0971E-11	1000	5.12996E6	-89.98883										
2	83	2.44565			2.14721			0.44565		3.0982E-11	1200	5.12814E6	-89.98659										
2	84	2.45109			2.14721			0.45109		3.0984E-11	1300	5.12781E6	-89.98547										
2	85	2.45652			2.14721			0.45652		3.0999E-11	1000	5.12533E6	-89.98882										
2	86	2.46196			2.14721			0.46196		3.1104E-11	1400	5.10803E6	-89.9843										
2	87	2.46739			2.14721			0.46739		3.1106E-11	1300	5.1077E6	-89.98542										
2	88	2.47283			2.14721			0.47283		3.1105E-11	1300	5.10786E6	-89.98542										
2	89	2.47826			2.14721			0.47826		3.1106E-11	1200	5.1077E6	-89.98654										
2	90	2.4837			2.14721			0.4837		3.1105E-11	1200	5.10786E6	-89.98654										
2	91	2.48913			2.14721			0.48913		3.1107E-11	1200	5.10753E6	-89.98654										
2	92	2.49457			2.14721			0.49457		3.1106E-11	1200	5.1077E6	-89.98654										
2	93	2.5			2.14721			0.5		3.1106E-11	1300	5.1077E6	-89.98542										
2	94	2.50543			2.14721			0.50543		3.1105E-11	1300	5.10786E6	-89.98542										
2	95	2.51087			2.14721			0.51087		3.0994E-11	1300	5.12616E6	-89.98547										
2	96	2.5163			2.14721			0.5163		3.099E-11	1200	5.12682E6	-89.98659										
2	97	2.52174			2.14721			0.52174		3.099E-11	1200	5.12682E6	-89.98659										
2	98	2.52717			2.14721			0.52717		3.0987E-11	1200	5.12731E6	-89.98659										
2	99	2.53261			2.14721			0.53261		3.0982E-11	1200	5.12814E6	-89.98659										
2	100	2.53804			2.14721			0.53804		3.098E-11	1000	5.12847E6	-89.98883										
2	101	2.54348			2.14721			0.54348		3.0977E-11	1600	5.12897E6	-89.98213										
2	102	2.54891			2.14721			0.54891		3.0983E-11	1200	5.12798E6	-89.98659										
2	103	2.55435			2.14721			0.55435		3.0993E-11	1200	5.12632E6	-89.98659										
2	104	2.55978			2.14721			0.55978		3.101E-11	1000	5.12351E6	-89.98882										
2	105	2.56522			2.14721			0.56522		3.1008E-11	1000	5.12384E6	-89.98882										
2	106	2.57065			2.14721			0.57065		3.1111E-11	1300	5.10688E6	-89.98541										
2	107	2.57609			2.14721			0.57609		3.111E-11	1300	5.10704E6	-89.98542										
2	108	2.58152			2.14721			0.58152		3.1103E-11	1600	5.10819E6	-89.98205										
2	109	2.58696			2.14721			0.58696		3.1107E-11	1000	5.10753E6	-89.98878										
2	110	2.59239			2.14721			0.59239		3.1102E-11	1100	5.10836E6	-89.98766										
2	111	2.59783			2.14721			0.59783		3.11E-11	1300	5.10868E6	-89.98542										
2	112	2.60326			2.14721			0.60326		3.11E-11	1000	5.10868E6	-89.98878										
2	113	2.6087			2.14721			0.6087		3.1099E-11	1000	5.10885E6	-89.98878										
2	114	2.61413			2.14721			0.61413		3.1099E-11	1000	5.10885E6	-89.98878										
2	115	2.61957			2.14721			0.61957		3.1099E-11	1000	5.10885E6	-89.98878										
2	116	2.625			2.14721			0.625		3.102E-11	1200	5.12186E6	-89.98658										
2	117	2.63043			2.14721			0.63043		3.0984E-11	1100	5.12781E6	-89.98771										
2	118	2.63587			2.14721			0.63587		3.0983E-11	1000	5.12798E6	-89.98883										
2	119	2.6413			2.14721			0.6413		3.0985E-11	1100	5.12765E6	-89.98771										
2	120	2.64674			2.14721			0.64674		3.0985E-11	1100	5.12765E6	-89.98771										
2	121	2.65217			2.14721			0.65217		3.1163E-11	1000	5.09836E6	-89.98876										
2	122	2.65761			2.14721			0.65761		3.1164E-11	1100	5.09819E6	-89.98764										
2	123	2.66304			2.14721			0.66304		3.1164E-11	1000	5.09819E6	-89.98876										
2	124	2.66848			2.14721			0.66848		3.1163E-11	1000	5.09836E6	-89.98876										
2	125	2.67391			2.14721			0.67391		3.1162E-11	1000	5.09852E6	-89.98876										
2	126	2.67935			2.14721			0.67935		3.1163E-11	900	5.09836E6	-89.98989										
2	127	2.68478			2.14721			0.68478		3.095E-11	1000	5.13344E6	-89.98884										
2	128	2.69022			2.14721			0.69022		3.0947E-11	1100	5.13394E6	-89.98772										
2	129	2.69565			2.14721			0.69565		3.0947E-11	1000	5.13394E6	-89.98884										
2	130	2.70109			2.14721			0.70109		3.0947E-11	1000	5.13394E6	-89.98884										
2	131	2.70652			2.14721			0.70652		3.0948E-11	1000	5.13378E6	-89.98884										
2	132	2.71196			2.14721			0.71196		3.0948E-11	800	5.13378E6	-89.99107										
2	133	2.71739			2.14721			0.71739		3.0946E-11	900	5.13411E6	-89.98996										
2	134	2.72283			2.14721			0.72283		3.0947E-11	1000	5.13394E6	-89.98884										
2	135	2.72826			2.14721			0.72826		3.0947E-11	900	5.13394E6	-89.98996										
2	136	2.7337			2.14721			0.7337		3.0946E-11	1000	5.13411E6	-89.98884										
2	137	2.73913			2.14721			0.73913		3.0946E-11	1000	5.13411E6	-89.98884										
2	138	2.74457			2.14721			0.74457		3.0959E-11	900	5.13195E6	-89.98995										
2	139	2.75			2.14721			0.75		3.1054E-11	1000	5.11625E6	-89.9888										
2	140	2.75543			2.14721			0.75543		3.1054E-11	900	5.11625E6	-89.98992										
2	141	2.76087			2.14721			0.76087		3.1053E-11	1000	5.11642E6	-89.9888										
2	142	2.7663			2.14721			0.7663		3.1054E-11	1000	5.11625E6	-89.9888										
2	143	2.77174			2.14721			0.77174		3.1052E-11	800	5.11658E6	-89.99104										
2	144	2.77717			2.14721			0.77717		3.1054E-11	1000	5.11625E6	-89.9888										
2	145	2.78261			2.14721			0.78261		3.1052E-11	900	5.11658E6	-89.98992										
2	146	2.78804			2.14721			0.78804		3.1054E-11	1000	5.11625E6	-89.9888										
2	147	2.79348			2.14721			0.79348		3.1051E-11	900	5.11675E6	-89.98992										
2	148	2.79891			2.14721			0.79891		3.0941E-11	900	5.13494E6	-89.98996										
2	149	2.80435			2.14721			0.80435		3.0937E-11	900	5.1356E6	-89.98996										
2	150	2.80978			2.14721			0.80978		3.0937E-11	1000	5.1356E6	-89.98884										
2	151	2.81522			2.14721			0.81522		3.0937E-11	1000	5.1356E6	-89.98884										
2	152	2.82065			2.14721			0.82065		3.0937E-11	900	5.1356E6	-89.98996										
2	153	2.82609			2.14721			0.82609		3.0936E-11	900	5.13577E6	-89.98996										
2	154	2.83152			2.14721			0.83152		3.0936E-11	1000	5.13577E6	-89.98884										
2	155	2.83696			2.14721			0.83696		3.0939E-11	1100	5.13527E6	-89.98773										
2	156	2.84239			2.14721			0.84239		3.0937E-11	1000	5.1356E6	-89.98884										
2	157	2.84783			2.14721			0.84783		3.0937E-11	1100	5.1356E6	-89.98773										
2	158	2.85326			2.14721			0.85326		3.1055E-11	1000	5.11609E6	-89.9888										
2	159	2.8587			2.14721			0.8587		3.1055E-11	900	5.11609E6	-89.98992										
2	160	2.86413			2.14721			0.86413		3.1056E-11	1000	5.11592E6	-89.9888										
2	161	2.86957			2.14721			0.86957		3.1057E-11	900	5.11576E6	-89.98992										
2	162	2.875			2.14721			0.875		3.1057E-11	1000	5.11576E6	-89.9888										
2	163	2.88043			2.14721			0.88043		3.1056E-11	900	5.11592E6	-89.98992										
2	164	2.88587			2.14721			0.88587		3.1058E-11	900	5.11559E6	-89.98992										
2	165	2.8913			2.14721			0.8913		3.1036E-11	1000	5.11922E6	-89.98881										
2	166	2.89674			2.14721			0.89674		3.0932E-11	800	5.13643E6	-89.99108										
2	167	2.90217			2.14721			0.90217		3.0931E-11	1000	5.1366E6	-89.98885										
2	168	2.90761			2.14721			0.90761		3.093E-11	1000	5.13676E6	-89.98885										
2	169	2.91304			2.14721			0.91304		3.0931E-11	1000	5.1366E6	-89.98885										
2	170	2.91848			2.14721			0.91848		3.0931E-11	900	5.1366E6	-89.98996										
2	171	2.92391			2.14721			0.92391		3.0974E-11	700	5.12947E6	-89.99218										
2	172	2.92935			2.14721			0.92935		3.1078E-11	1100	5.1123E6	-89.98767										
2	173	2.93478			2.14721			0.93478		3.1078E-11	900	5.1123E6	-89.98991										
2	174	2.94022			2.14721			0.94022		3.108E-11	1000	5.11197E6	-89.98879										
2	175	2.94565			2.14721			0.94565		3.1077E-11	800	5.11247E6	-89.99103										
2	176	2.95109			2.14721			0.95109		3.1075E-11	900	5.11279E6	-89.98991										
2	177	2.95652			2.14721			0.95652		3.1075E-11	900	5.11279E6	-89.98991										
2	178	2.96196			2.14721			0.96196		3.1076E-11	900	5.11263E6	-89.98991										
2	179	2.96739			2.14721			0.96739		3.1075E-11	900	5.11279E6	-89.98991										
2	180	2.97283			2.14721			0.97283		3.1076E-11	900	5.11263E6	-89.98991										
2	181	2.97826			2.14721			0.97826		3.1043E-11	900	5.11806E6	-89.98992										
2	182	2.9837			2.14721			0.9837		3.1046E-11	1000	5.11757E6	-89.9888										
2	183	2.98913			2.14721			0.98913		3.1049E-11	900	5.11708E6	-89.98992										
2	184	2.99457			2.14721			0.99457		3.105E-11	900	5.11691E6	-89.98992										
2	185	3			2.14721			1		3.105E-11	1000	5.11691E6	-89.9888										
3	1	3			2.14721			0		3.1514E-11	1600	5.04157E6	-89.98182										
3	2	3.00543			2.14721			0.00543		3.1513E-11	1400	5.04173E6	-89.98409										
3	3	3.01087			2.14721			0.01087		3.1513E-11	1400	5.04173E6	-89.98409										
3	4	3.0163			2.14721			0.0163		3.1514E-11	1500	5.04157E6	-89.98295										
3	5	3.02174			2.14721			0.02174		3.1512E-11	1400	5.04189E6	-89.98409										
3	6	3.02717			2.14721			0.02717		3.1512E-11	1500	5.04189E6	-89.98295										
3	7	3.03261			2.14721			0.03261		3.1513E-11	1300	5.04173E6	-89.98523										
3	8	3.03804			2.14721			0.03804		3.1513E-11	1300	5.04173E6	-89.98523										
3	9	3.04348			2.14721			0.04348		3.1513E-11	1300	5.04173E6	-89.98523										
3	10	3.04891			2.14721			0.04891		3.15E-11	1300	5.04381E6	-89.98523										
3	11	3.05435			2.14721			0.05435		3.1401E-11	1400	5.05971E6	-89.98415										
3	12	3.05978			2.14721			0.05978		3.1404E-11	1300	5.05923E6	-89.98528										
3	13	3.06522			2.14721			0.06522		3.1404E-11	1300	5.05923E6	-89.98528										
3	14	3.07065			2.14721			0.07065		3.1406E-11	1400	5.05891E6	-89.98414										
3	15	3.07609			2.14721			0.07609		3.1407E-11	1300	5.05875E6	-89.98528										
3	16	3.08152			2.14721			0.08152		3.1409E-11	1400	5.05843E6	-89.98414										
3	17	3.08696			2.14721			0.08696		3.1448E-11	1600	5.05215E6	-89.98185										
3	18	3.09239			2.14721			0.09239		3.1477E-11	1300	5.0475E6	-89.98524										
3	19	3.09783			2.14721			0.09783		3.148E-11	1300	5.04702E6	-89.98524										
3	20	3.10326			2.14721			0.10326		3.1484E-11	1500	5.04638E6	-89.98297										
3	21	3.1087			2.14721			0.1087		3.1483E-11	1300	5.04654E6	-89.98524										
3	22	3.11413			2.14721			0.11413		3.1485E-11	1400	5.04622E6	-89.9841										
3	23	3.11957			2.14721			0.11957		3.1484E-11	1400	5.04638E6	-89.9841										
3	24	3.125			2.14721			0.125		3.1483E-11	1300	5.04654E6	-89.98524										
3	25	3.13043			2.14721			0.13043		3.1484E-11	1400	5.04638E6	-89.9841										
3	26	3.13587			2.14721			0.13587		3.149E-11	2300	5.04541E6	-89.97388										
3	27	3.1413			2.14721			0.1413		3.1532E-11	1200	5.03869E6	-89.98635										
3	28	3.14674			2.14721			0.14674		3.153E-11	1100	5.03901E6	-89.98749										
3	29	3.15217			2.14721			0.15217		3.1532E-11	1100	5.03869E6	-89.98749										
3	30	3.15761			2.14721			0.15761		3.1532E-11	1100	5.03869E6	-89.98749										
3	31	3.16304			2.14721			0.16304		3.1532E-11	1200	5.03869E6	-89.98635										
3	32	3.16848			2.14721			0.16848		3.153E-11	1000	5.03901E6	-89.98863										
3	33	3.17391			2.14721			0.17391		3.1529E-11	1100	5.03917E6	-89.98749										
3	34	3.17935			2.14721			0.17935		3.1529E-11	1200	5.03917E6	-89.98636										
3	35	3.18478			2.14721			0.18478		3.1529E-11	1200	5.03917E6	-89.98636										
3	36	3.19022			2.14721			0.19022		3.1531E-11	1200	5.03885E6	-89.98636										
3	37	3.19565			2.14721			0.19565		3.153E-11	1200	5.03901E6	-89.98636										
3	38	3.20109			2.14721			0.20109		3.153E-11	1200	5.03901E6	-89.98636										
3	39	3.20652			2.14721			0.20652		3.153E-11	1200	5.03901E6	-89.98636										
3	40	3.21196			2.14721			0.21196		3.153E-11	1000	5.03901E6	-89.98863										
3	41	3.21739			2.14721			0.21739		3.153E-11	1200	5.03901E6	-89.98636										
3	42	3.22283			2.14721			0.22283		3.1529E-11	1100	5.03917E6	-89.98749										
3	43	3.22826			2.14721			0.22826		3.153E-11	1100	5.03901E6	-89.98749										
3	44	3.2337			2.14721			0.2337		3.1528E-11	1200	5.03933E6	-89.98636										
3	45	3.23913			2.14721			0.23913		3.153E-11	1300	5.03901E6	-89.98522										
3	46	3.24457			2.14721			0.24457		3.1474E-11	1300	5.04798E6	-89.98524										
3	47	3.25			2.14721			0.25		3.1463E-11	1100	5.04974E6	-89.98752										
3	48	3.25543			2.14721			0.25543		3.1467E-11	1200	5.0491E6	-89.98638										
3	49	3.26087			2.14721			0.26087		3.147E-11	1200	5.04862E6	-89.98638										
3	50	3.2663			2.14721			0.2663		3.1469E-11	1300	5.04878E6	-89.98525										
3	51	3.27174			2.14721			0.27174		3.1469E-11	1200	5.04878E6	-89.98638										
3	52	3.27717			2.14721			0.27717		3.1467E-11	1200	5.0491E6	-89.98638										
3	53	3.28261			2.14721			0.28261		3.1473E-11	1200	5.04814E6	-89.98638										
3	54	3.28804			2.14721			0.28804		3.1469E-11	1000	5.04878E6	-89.98865										
3	55	3.29348			2.14721			0.29348		3.1487E-11	1300	5.04589E6	-89.98524										
3	56	3.29891			2.14721			0.29891		3.1489E-11	1200	5.04557E6	-89.98637										
3	57	3.30435			2.14721			0.30435		3.1486E-11	700	5.04605E6	-89.99205										
3	58	3.30978			2.14721			0.30978		3.149E-11	1300	5.04541E6	-89.98524										
3	59	3.31522			2.14721			0.31522		3.1493E-11	2000	5.04493E6	-89.97729										
3	60	3.32065			2.14721			0.32065		3.1495E-11	1700	5.04461E6	-89.98069										
3	61	3.32609			2.14721			0.32609		3.1498E-11	1500	5.04413E6	-89.98296										
3	62	3.33152			2.14721			0.33152		3.1492E-11	1700	5.04509E6	-89.98069										
3	63	3.33696			2.14721			0.33696		3.1491E-11	1400	5.04525E6	-89.9841										
3	64	3.34239			2.14721			0.34239		3.1498E-11	1300	5.04413E6	-89.98523										
3	65	3.34783			2.14721			0.34783		3.1496E-11	1500	5.04445E6	-89.98296										
3	66	3.35326			2.14721			0.35326		3.1497E-11	1400	5.04429E6	-89.9841										
3	67	3.3587			2.14721			0.3587		3.1494E-11	1200	5.04477E6	-89.98637										
3	68	3.36413			2.14721			0.36413		3.1503E-11	1200	5.04333E6	-89.98637										
3	69	3.36957			2.14721			0.36957		3.15E-11	1400	5.04381E6	-89.9841										
3	70	3.375			2.14721			0.375		3.1503E-11	1100	5.04333E6	-89.9875										
3	71	3.38043			2.14721			0.38043		3.1503E-11	1200	5.04333E6	-89.98637										
3	72	3.38587			2.14721			0.38587		3.1501E-11	1200	5.04365E6	-89.98637										
3	73	3.3913			2.14721			0.3913		3.15E-11	1200	5.04381E6	-89.98637										
3	74	3.39674			2.14721			0.39674		3.15E-11	1200	5.04381E6	-89.98637										
3	75	3.40217			2.14721			0.40217		3.1501E-11	1300	5.04365E6	-89.98523										
3	76	3.40761			2.14721			0.40761		3.1465E-11	1300	5.04942E6	-89.98525										
3	77	3.41304			2.14721			0.41304		3.1382E-11	1200	5.06278E6	-89.98642										
3	78	3.41848			2.14721			0.41848		3.1386E-11	1300	5.06213E6	-89.98529										
3	79	3.42391			2.14721			0.42391		3.1385E-11	1300	5.06229E6	-89.98529										
3	80	3.42935			2.14721			0.42935		3.1387E-11	1300	5.06197E6	-89.98529										
3	81	3.43478			2.14721			0.43478		3.1388E-11	1300	5.06181E6	-89.98529										
3	82	3.44022			2.14721			0.44022		3.1408E-11	1500	5.05859E6	-89.98301										
3	83	3.44565			2.14721			0.44565		3.141E-11	1300	5.05826E6	-89.98527										
3	84	3.45109			2.14721			0.45109		3.1407E-11	1500	5.05875E6	-89.98301										
3	85	3.45652			2.14721			0.45652		3.1407E-11	1500	5.05875E6	-89.98301										
3	86	3.46196			2.14721			0.46196		3.141E-11	1500	5.05826E6	-89.98301										
3	87	3.46739			2.14721			0.46739		3.1408E-11	1400	5.05859E6	-89.98414										
3	88	3.47283			2.14721			0.47283		3.1409E-11	1600	5.05843E6	-89.98188										
3	89	3.47826			2.14721			0.47826		3.1408E-11	1200	5.05859E6	-89.98641										
3	90	3.4837			2.14721			0.4837		3.141E-11	1300	5.05826E6	-89.98527										
3	91	3.48913			2.14721			0.48913		3.1409E-11	1400	5.05843E6	-89.98414										
3	92	3.49457			2.14721			0.49457		3.1409E-11	1300	5.05843E6	-89.98528										
3	93	3.5			2.14721			0.5		3.1408E-11	1400	5.05859E6	-89.98414										
3	94	3.50543			2.14721			0.50543		3.1409E-11	1500	5.05843E6	-89.98301										
3	95	3.51087			2.14721			0.51087		3.1438E-11	1400	5.05376E6	-89.98413										
3	96	3.5163			2.14721			0.5163		3.147E-11	1400	5.04862E6	-89.98411										
3	97	3.52174			2.14721			0.52174		3.147E-11	1400	5.04862E6	-89.98411										
3	98	3.52717			2.14721			0.52717		3.1469E-11	1300	5.04878E6	-89.98525										
3	99	3.53261			2.14721			0.53261		3.147E-11	1400	5.04862E6	-89.98411										
3	100	3.53804			2.14721			0.53804		3.147E-11	1300	5.04862E6	-89.98525										
3	101	3.54348			2.14721			0.54348		3.1472E-11	1300	5.0483E6	-89.98525										
3	102	3.54891			2.14721			0.54891		3.147E-11	1400	5.04862E6	-89.98411										
3	103	3.55435			2.14721			0.55435		3.1469E-11	1400	5.04878E6	-89.98411										
3	104	3.55978			2.14721			0.55978		3.1469E-11	1300	5.04878E6	-89.98525										
3	105	3.56522			2.14721			0.56522		3.1469E-11	1300	5.04878E6	-89.98525										
3	106	3.57065			2.14721			0.57065		3.1469E-11	1300	5.04878E6	-89.98525										
3	107	3.57609			2.14721			0.57609		3.147E-11	1300	5.04862E6	-89.98525										
3	108	3.58152			2.14721			0.58152		3.147E-11	1300	5.04862E6	-89.98525										
3	109	3.58696			2.14721			0.58696		3.1469E-11	1300	5.04878E6	-89.98525										
3	110	3.59239			2.14721			0.59239		3.147E-11	1300	5.04862E6	-89.98525										
3	111	3.59783			2.14721			0.59783		3.147E-11	1400	5.04862E6	-89.98411										
3	112	3.60326			2.14721			0.60326		3.1468E-11	1300	5.04894E6	-89.98525										
3	113	3.6087			2.14721			0.6087		3.1469E-11	1300	5.04878E6	-89.98525										
3	114	3.61413			2.14721			0.61413		3.1373E-11	1200	5.06423E6	-89.98642										
3	115	3.61957			2.14721			0.61957		3.1373E-11	1100	5.06423E6	-89.98755										
3	116	3.625			2.14721			0.625		3.1374E-11	1400	5.06407E6	-89.98416										
3	117	3.63043			2.14721			0.63043		3.1376E-11	1300	5.06375E6	-89.98529										
3	118	3.63587			2.14721			0.63587		3.1377E-11	1200	5.06358E6	-89.98642										
3	119	3.6413			2.14721			0.6413		3.1378E-11	1200	5.06342E6	-89.98642										
3	120	3.64674			2.14721			0.64674		3.138E-11	1100	5.0631E6	-89.98755										
3	121	3.65217			2.14721			0.65217		3.1381E-11	1400	5.06294E6	-89.98416										
3	122	3.65761			2.14721			0.65761		3.138E-11	1200	5.0631E6	-89.98642										
3	123	3.66304			2.14721			0.66304		3.138E-11	1300	5.0631E6	-89.98529										
3	124	3.66848			2.14721			0.66848		3.138E-11	1100	5.0631E6	-89.98755										
3	125	3.67391			2.14721			0.67391		3.1382E-11	1300	5.06278E6	-89.98529										
3	126	3.67935			2.14721			0.67935		3.1379E-11	1300	5.06326E6	-89.98529										
3	127	3.68478			2.14721			0.68478		3.1381E-11	1200	5.06294E6	-89.98642										
3	128	3.69022			2.14721			0.69022		3.1388E-11	1400	5.06181E6	-89.98415										
3	129	3.69565			2.14721			0.69565		3.1457E-11	1200	5.05071E6	-89.98639										
3	130	3.70109			2.14721			0.70109		3.1457E-11	1200	5.05071E6	-89.98639										
3	131	3.70652			2.14721			0.70652		3.1457E-11	1200	5.05071E6	-89.98639										
3	132	3.71196			2.14721			0.71196		3.1457E-11	1300	5.05071E6	-89.98525										
3	133	3.71739			2.14721			0.71739		3.1458E-11	1200	5.05055E6	-89.98639										
3	134	3.72283			2.14721			0.72283		3.1458E-11	1200	5.05055E6	-89.98639										
3	135	3.72826			2.14721			0.72826		3.1456E-11	1100	5.05087E6	-89.98752										
3	136	3.7337			2.14721			0.7337		3.1344E-11	1300	5.06892E6	-89.98531										
3	137	3.73913			2.14721			0.73913		3.1349E-11	1500	5.06811E6	-89.98304										
3	138	3.74457			2.14721			0.74457		3.1356E-11	1400	5.06698E6	-89.98417										
3	139	3.75			2.14721			0.75		3.136E-11	1300	5.06633E6	-89.9853										
3	140	3.75543			2.14721			0.75543		3.1365E-11	1200	5.06552E6	-89.98643										
3	141	3.76087			2.14721			0.76087		3.1372E-11	1200	5.06439E6	-89.98642										
3	142	3.7663			2.14721			0.7663		3.1376E-11	1200	5.06375E6	-89.98642										
3	143	3.77174			2.14721			0.77174		3.1381E-11	1300	5.06294E6	-89.98529										
3	144	3.77717			2.14721			0.77717		3.1384E-11	1400	5.06245E6	-89.98416										
3	145	3.78261			2.14721			0.78261		3.1388E-11	1200	5.06181E6	-89.98642										
3	146	3.78804			2.14721			0.78804		3.1389E-11	1100	5.06165E6	-89.98755										
3	147	3.79348			2.14721			0.79348		3.139E-11	1200	5.06149E6	-89.98642										
3	148	3.79891			2.14721			0.79891		3.1388E-11	1300	5.06181E6	-89.98529										
3	149	3.80435			2.14721			0.80435		3.1389E-11	1300	5.06165E6	-89.98528										
3	150	3.80978			2.14721			0.80978		3.1387E-11	1300	5.06197E6	-89.98529										
3	151	3.81522			2.14721			0.81522		3.1377E-11	1200	5.06358E6	-89.98642										
3	152	3.82065			2.14721			0.82065		3.1381E-11	1200	5.06294E6	-89.98642										
3	153	3.82609			2.14721			0.82609		3.138E-11	1400	5.0631E6	-89.98416										
3	154	3.83152			2.14721			0.83152		3.1379E-11	1300	5.06326E6	-89.98529										
3	155	3.83696			2.14721			0.83696		3.1459E-11	1400	5.05039E6	-89.98412										
3	156	3.84239			2.14721			0.84239		3.1459E-11	1200	5.05039E6	-89.98639										
3	157	3.84783			2.14721			0.84783		3.1459E-11	1200	5.05039E6	-89.98639										
3	158	3.85326			2.14721			0.85326		3.146E-11	1300	5.05023E6	-89.98525										
3	159	3.8587			2.14721			0.8587		3.1459E-11	1200	5.05039E6	-89.98639										
3	160	3.86413			2.14721			0.86413		3.1459E-11	1300	5.05039E6	-89.98525										
3	161	3.86957			2.14721			0.86957		3.1459E-11	1200	5.05039E6	-89.98639										
4	1	4			2.14721			0		3.1891E-11	3000	4.98197E6	-89.9655										
4	2	4.00543			2.14721			0.00543		3.1891E-11	3000	4.98197E6	-89.9655										
4	3	4.01087			2.14721			0.01087		3.189E-11	2800	4.98213E6	-89.9678										
4	4	4.0163			2.14721			0.0163		3.1889E-11	3000	4.98229E6	-89.9655										
4	5	4.02174			2.14721			0.02174		3.1889E-11	3000	4.98229E6	-89.9655										
4	6	4.02717			2.14721			0.02717		3.1888E-11	3000	4.98244E6	-89.9655										
4	7	4.03261			2.14721			0.03261		3.1888E-11	2800	4.98244E6	-89.9678										
4	8	4.03804			2.14721			0.03804		3.1888E-11	2900	4.98244E6	-89.96665										
4	9	4.04348			2.14721			0.04348		3.1888E-11	2900	4.98244E6	-89.96665										
4	10	4.04891			2.14721			0.04891		3.1886E-11	2800	4.98275E6	-89.9678										
4	11	4.05435			2.14721			0.05435		3.1886E-11	2900	4.98275E6	-89.96665										
4	12	4.05978			2.14721			0.05978		3.1885E-11	2900	4.98291E6	-89.96665										
4	13	4.06522			2.14721			0.06522		3.1889E-11	2800	4.98229E6	-89.9678										
4	14	4.07065			2.14721			0.07065		3.2018E-11	2900	4.96221E6	-89.96652										
4	15	4.07609			2.14721			0.07609		3.2051E-11	2700	4.9571E6	-89.96879										
4	16	4.08152			2.14721			0.08152		3.2055E-11	2700	4.95648E6	-89.96879										
4	17	4.08696			2.14721			0.08696		3.2056E-11	2700	4.95633E6	-89.96879										
4	18	4.09239			2.14721			0.09239		3.2056E-11	2700	4.95633E6	-89.96879										
4	19	4.09783			2.14721			0.09783		3.2055E-11	2800	4.95648E6	-89.96763										
4	20	4.10326			2.14721			0.10326		3.2058E-11	2800	4.95602E6	-89.96763										
4	21	4.1087			2.14721			0.1087		3.2057E-11	2900	4.95618E6	-89.96647										
4	22	4.11413			2.14721			0.11413		3.2057E-11	2800	4.95618E6	-89.96763										
4	23	4.11957			2.14721			0.11957		3.2057E-11	2800	4.95618E6	-89.96763										
4	24	4.125			2.14721			0.125		3.2057E-11	2900	4.95618E6	-89.96647										
4	25	4.13043			2.14721			0.13043		3.2056E-11	2800	4.95633E6	-89.96763										
4	26	4.13587			2.14721			0.13587		3.2057E-11	2700	4.95618E6	-89.96879										
4	27	4.1413			2.14721			0.1413		3.2057E-11	2700	4.95618E6	-89.96879										
4	28	4.14674			2.14721			0.14674		3.206E-11	2800	4.95571E6	-89.96763										
4	29	4.15217			2.14721			0.15217		3.1897E-11	2800	4.98104E6	-89.96779										
4	30	4.15761			2.14721			0.15761		3.1895E-11	2700	4.98135E6	-89.96894										
4	31	4.16304			2.14721			0.16304		3.1876E-11	2700	4.98432E6	-89.96896										
4	32	4.16848			2.14721			0.16848		3.1877E-11	2700	4.98416E6	-89.96896										
4	33	4.17391			2.14721			0.17391		3.1881E-11	3100	4.98354E6	-89.96436										
4	34	4.17935			2.14721			0.17935		3.189E-11	2900	4.98213E6	-89.96665										
4	35	4.18478			2.14721			0.18478		3.1894E-11	3000	4.9815E6	-89.96549										
4	36	4.19022			2.14721			0.19022		3.1893E-11	2300	4.98166E6	-89.97355										
4	37	4.19565			2.14721			0.19565		3.1898E-11	3000	4.98088E6	-89.96549										
4	38	4.20109			2.14721			0.20109		3.1897E-11	2700	4.98104E6	-89.96894										
4	39	4.20652			2.14721			0.20652		3.1896E-11	2700	4.98119E6	-89.96894										
4	40	4.21196			2.14721			0.21196		3.1896E-11	2600	4.98119E6	-89.97009										
4	41	4.21739			2.14721			0.21739		3.1898E-11	2700	4.98088E6	-89.96894										
4	42	4.22283			2.14721			0.22283		3.1896E-11	2600	4.98119E6	-89.97009										
4	43	4.22826			2.14721			0.22826		3.1898E-11	2700	4.98088E6	-89.96894										
4	44	4.2337			2.14721			0.2337		3.1908E-11	2800	4.97932E6	-89.96778										
4	45	4.23913			2.14721			0.23913		3.189E-11	3000	4.98213E6	-89.9655										
4	46	4.24457			2.14721			0.24457		3.1907E-11	2900	4.97947E6	-89.96663										
4	47	4.25			2.14721			0.25		3.1907E-11	2500	4.97947E6	-89.97123										
4	48	4.25543			2.14721			0.25543		3.1909E-11	2900	4.97916E6	-89.96663										
4	49	4.26087			2.14721			0.26087		3.2007E-11	2500	4.96392E6	-89.97114										
4	50	4.2663			2.14721			0.2663		3.205E-11	2800	4.95726E6	-89.96764										
4	51	4.27174			2.14721			0.27174		3.205E-11	2700	4.95726E6	-89.96879										
4	52	4.27717			2.14721			0.27717		3.205E-11	2700	4.95726E6	-89.96879										
4	53	4.28261			2.14721			0.28261		3.2049E-11	2600	4.95741E6	-89.96995										
4	54	4.28804			2.14721			0.28804		3.205E-11	2600	4.95726E6	-89.96995										
4	55	4.29348			2.14721			0.29348		3.2049E-11	2800	4.95741E6	-89.96764										
4	56	4.29891			2.14721			0.29891		3.2049E-11	2500	4.95741E6	-89.97111										
4	57	4.30435			2.14721			0.30435		3.2047E-11	1900	4.95772E6	-89.97804										
4	58	4.30978			2.14721			0.30978		3.2049E-11	3000	4.95741E6	-89.96533										
4	59	4.31522			2.14721			0.31522		3.2048E-11	1400	4.95757E6	-89.98382										
4	60	4.32065			2.14721			0.32065		3.2048E-11	2700	4.95757E6	-89.9688										
4	61	4.32609			2.14721			0.32609		3.2047E-11	2700	4.95772E6	-89.9688										
4	62	4.33152			2.14721			0.33152		3.1903E-11	2800	4.9801E6	-89.96779										
4	63	4.33696			2.14721			0.33696		3.1852E-11	2700	4.98807E6	-89.96899										
4	64	4.34239			2.14721			0.34239		3.1853E-11	2600	4.98792E6	-89.97013										
4	65	4.34783			2.14721			0.34783		3.1852E-11	2700	4.98807E6	-89.96899										
4	66	4.35326			2.14721			0.35326		3.1852E-11	2500	4.98807E6	-89.97128										
4	67	4.3587			2.14721			0.3587		3.1851E-11	2600	4.98823E6	-89.97014										
4	68	4.36413			2.14721			0.36413		3.1852E-11	2500	4.98807E6	-89.97128										
4	69	4.36957			2.14721			0.36957		3.1903E-11	2500	4.9801E6	-89.97124										
4	70	4.375			2.14721			0.375		3.2039E-11	2500	4.95896E6	-89.97112										
4	71	4.38043			2.14721			0.38043		3.2038E-11	2600	4.95911E6	-89.96996										
4	72	4.38587			2.14721			0.38587		3.2039E-11	2400	4.95896E6	-89.97227										
4	73	4.3913			2.14721			0.3913		3.2038E-11	2400	4.95911E6	-89.97227										
4	74	4.39674			2.14721			0.39674		3.204E-11	2400	4.9588E6	-89.97227										
4	75	4.40217			2.14721			0.40217		3.204E-11	2400	4.9588E6	-89.97227										
4	76	4.40761			2.14721			0.40761		3.2029E-11	2300	4.96051E6	-89.97343										
4	77	4.41304			2.14721			0.41304		3.1868E-11	2600	4.98557E6	-89.97012										
4	78	4.41848			2.14721			0.41848		3.1868E-11	2500	4.98557E6	-89.97127										
4	79	4.42391			2.14721			0.42391		3.1867E-11	2500	4.98573E6	-89.97127										
4	80	4.42935			2.14721			0.42935		3.1867E-11	2400	4.98573E6	-89.97242										
4	81	4.43478			2.14721			0.43478		3.1867E-11	2500	4.98573E6	-89.97127										
4	82	4.44022			2.14721			0.44022		3.1866E-11	2500	4.98588E6	-89.97127										
4	83	4.44565			2.14721			0.44565		3.2045E-11	2400	4.95803E6	-89.97227										
4	84	4.45109			2.14721			0.45109		3.2073E-11	2300	4.9537E6	-89.9734										
4	85	4.45652			2.14721			0.45652		3.2074E-11	2300	4.95355E6	-89.9734										
4	86	4.46196			2.14721			0.46196		3.2079E-11	2600	4.95278E6	-89.96992										
4	87	4.46739			2.14721			0.46739		3.206E-11	2500	4.95571E6	-89.9711										
4	88	4.47283			2.14721			0.47283		3.2059E-11	2500	4.95587E6	-89.9711										
4	89	4.47826			2.14721			0.47826		3.206E-11	2400	4.95571E6	-89.97225										
4	90	4.4837			2.14721			0.4837		3.206E-11	2400	4.95571E6	-89.97225										
4	91	4.48913			2.14721			0.48913		3.206E-11	2500	4.95571E6	-89.9711										
4	92	4.49457			2.14721			0.49457		3.2026E-11	2400	4.96097E6	-89.97228										
4	93	4.5			2.14721			0.5		3.1874E-11	2600	4.98463E6	-89.97011										
4	94	4.50543			2.14721			0.50543		3.1874E-11	2600	4.98463E6	-89.97011										
4	95	4.51087			2.14721			0.51087		3.1875E-11	2500	4.98447E6	-89.97126										
4	96	4.5163			2.14721			0.5163		3.1875E-11	2400	4.98447E6	-89.97241										
4	97	4.52174			2.14721			0.52174		3.1874E-11	2600	4.98463E6	-89.97011										
4	98	4.52717			2.14721			0.52717		3.1874E-11	2500	4.98463E6	-89.97126										
4	99	4.53261			2.14721			0.53261		3.2043E-11	2500	4.95834E6	-89.97111										
4	100	4.53804			2.14721			0.53804		3.2038E-11	2500	4.95911E6	-89.97112										
4	101	4.54348			2.14721			0.54348		3.2036E-11	2300	4.95942E6	-89.97343										
4	102	4.54891			2.14721			0.54891		3.2035E-11	2500	4.95958E6	-89.97112										
4	103	4.55435			2.14721			0.55435		3.2035E-11	2500	4.95958E6	-89.97112										
4	104	4.55978			2.14721			0.55978		3.2036E-11	2600	4.95942E6	-89.96996										
4	105	4.56522			2.14721			0.56522		3.2036E-11	2600	4.95942E6	-89.96996										
4	106	4.57065			2.14721			0.57065		3.2035E-11	2300	4.95958E6	-89.97343										
4	107	4.57609			2.14721			0.57609		3.2035E-11	2400	4.95958E6	-89.97227										
4	108	4.58152			2.14721			0.58152		3.2035E-11	2400	4.95958E6	-89.97227										
4	109	4.58696			2.14721			0.58696		3.2036E-11	2300	4.95942E6	-89.97343										
4	110	4.59239			2.14721			0.59239		3.2035E-11	2600	4.95958E6	-89.96996										
5	1	5			2.14721			0		3.328E-11	1000	4.77404E6	-89.988										
5	2	5.00543			2.14721			0.00543		3.328E-11	1000	4.77404E6	-89.988										
5	3	5.01087			2.14721			0.01087		3.3277E-11	1100	4.77447E6	-89.9868										
5	4	5.0163			2.14721			0.0163		3.3277E-11	1000	4.77447E6	-89.988										
5	5	5.02174			2.14721			0.02174		3.3274E-11	1100	4.7749E6	-89.9868										
5	6	5.02717			2.14721			0.02717		3.3274E-11	1100	4.7749E6	-89.9868										
5	7	5.03261			2.14721			0.03261		3.3274E-11	1200	4.7749E6	-89.9856										
5	8	5.03804			2.14721			0.03804		3.3273E-11	900	4.77505E6	-89.9892										
5	9	5.04348			2.14721			0.04348		3.3272E-11	900	4.77519E6	-89.9892										
5	10	5.04891			2.14721			0.04891		3.3272E-11	900	4.77519E6	-89.9892										
5	11	5.05435			2.14721			0.05435		3.3271E-11	1300	4.77533E6	-89.9844										
5	12	5.05978			2.14721			0.05978		3.3269E-11	1100	4.77562E6	-89.9868										
5	13	5.06522			2.14721			0.06522		3.3217E-11	1300	4.7831E6	-89.98443										
5	14	5.07065			2.14721			0.07065		3.3201E-11	1300	4.7854E6	-89.98444										
5	15	5.07609			2.14721			0.07609		3.3209E-11	1000	4.78425E6	-89.98802										
5	16	5.08152			2.14721			0.08152		3.321E-11	1100	4.7841E6	-89.98683										
5	17	5.08696			2.14721			0.08696		3.3213E-11	900	4.78367E6	-89.98922										
5	18	5.09239			2.14721			0.09239		3.3214E-11	1200	4.78353E6	-89.98563										
5	19	5.09783			2.14721			0.09783		3.3214E-11	1300	4.78353E6	-89.98443										
5	20	5.10326			2.14721			0.10326		3.3216E-11	1000	4.78324E6	-89.98802										
5	21	5.1087			2.14721			0.1087		3.3222E-11	1200	4.78238E6	-89.98562										
5	22	5.11413			2.14721			0.11413		3.3255E-11	1100	4.77763E6	-89.98681										
5	23	5.11957			2.14721			0.11957		3.3256E-11	900	4.77749E6	-89.98921										
5	24	5.125			2.14721			0.125		3.3188E-11	1700	4.78728E6	-89.97965										
5	25	5.13043			2.14721			0.13043		3.3257E-11	1000	4.77734E6	-89.98801										
5	26	5.13587			2.14721			0.13587		3.3258E-11	800	4.7772E6	-89.99041										
5	27	5.1413			2.14721			0.1413		3.3257E-11	1000	4.77734E6	-89.98801										
5	28	5.14674			2.14721			0.14674		3.3257E-11	800	4.77734E6	-89.99041										
5	29	5.15217			2.14721			0.15217		3.3257E-11	800	4.77734E6	-89.99041										
5	30	5.15761			2.14721			0.15761		3.3256E-11	900	4.77749E6	-89.98921										
5	31	5.16304			2.14721			0.16304		3.3255E-11	1000	4.77763E6	-89.98801										
5	32	5.16848			2.14721			0.16848		3.3202E-11	800	4.78526E6	-89.99042										
5	33	5.17391			2.14721			0.17391		3.3125E-11	1100	4.79638E6	-89.98686										
5	34	5.17935			2.14721			0.17935		3.3128E-11	900	4.79595E6	-89.98925										
5	35	5.18478			2.14721			0.18478		3.3128E-11	1200	4.79595E6	-89.98566										
5	36	5.19022			2.14721			0.19022		3.3128E-11	1100	4.79595E6	-89.98686										
5	37	5.19565			2.14721			0.19565		3.3128E-11	1200	4.79595E6	-89.98566										
5	38	5.20109			2.14721			0.20109		3.313E-11	800	4.79566E6	-89.99044										
5	39	5.20652			2.14721			0.20652		3.313E-11	1000	4.79566E6	-89.98805										
5	40	5.21196			2.14721			0.21196		3.313E-11	1100	4.79566E6	-89.98686										
5	41	5.21739			2.14721			0.21739		3.313E-11	1200	4.79566E6	-89.98566										
5	42	5.22283			2.14721			0.22283		3.3131E-11	900	4.79551E6	-89.98925										
5	43	5.22826			2.14721			0.22826		3.3131E-11	800	4.79551E6	-89.99044										
5	44	5.2337			2.14721			0.2337		3.313E-11	1100	4.79566E6	-89.98686										
5	45	5.23913			2.14721			0.23913		3.3131E-11	800	4.79551E6	-89.99044										
5	46	5.24457			2.14721			0.24457		3.313E-11	1200	4.79566E6	-89.98566										
5	47	5.25			2.14721			0.25		3.313E-11	1000	4.79566E6	-89.98805										
5	48	5.25543			2.14721			0.25543		3.3169E-11	1000	4.79002E6	-89.98804										
5	49	5.26087			2.14721			0.26087		3.3249E-11	800	4.77849E6	-89.99041										
5	50	5.2663			2.14721			0.2663		3.3242E-11	600	4.7795E6	-89.99281										
5	51	5.27174			2.14721			0.27174		3.3229E-11	700	4.78137E6	-89.99161										
5	52	5.27717			2.14721			0.27717		3.3243E-11	900	4.77935E6	-89.98921										
5	53	5.28261			2.14721			0.28261		3.3244E-11	1100	4.77921E6	-89.98681										
5	54	5.28804			2.14721			0.28804		3.3246E-11	1200	4.77892E6	-89.98561										
5	55	5.29348			2.14721			0.29348		3.3247E-11	1000	4.77878E6	-89.98801										
5	56	5.29891			2.14721			0.29891		3.3252E-11	1000	4.77806E6	-89.98801										
5	57	5.30435			2.14721			0.30435		3.3208E-11	1200	4.78439E6	-89.98563										
5	58	5.30978			2.14721			0.30978		3.3234E-11	1000	4.78065E6	-89.98802										
5	59	5.31522			2.14721			0.31522		3.3133E-11	1300	4.79522E6	-89.98447										
5	60	5.32065			2.14721			0.32065		3.3143E-11	1100	4.79377E6	-89.98685										
5	61	5.32609			2.14721			0.32609		3.3144E-11	1300	4.79363E6	-89.98446										
5	62	5.33152			2.14721			0.33152		3.3147E-11	1200	4.7932E6	-89.98566										
5	63	5.33696			2.14721			0.33696		3.3149E-11	900	4.79291E6	-89.98924										
5	64	5.34239			2.14721			0.34239		3.3213E-11	1000	4.78367E6	-89.98802										
5	65	5.34783			2.14721			0.34783		3.3213E-11	1000	4.78367E6	-89.98802										
5	66	5.35326			2.14721			0.35326		3.3226E-11	1000	4.7818E6	-89.98802										
5	67	5.3587			2.14721			0.3587		3.3255E-11	1000	4.77763E6	-89.98801										
5	68	5.36413			2.14721			0.36413		3.3254E-11	1100	4.77777E6	-89.98681										
5	69	5.36957			2.14721			0.36957		3.3253E-11	1200	4.77792E6	-89.98561										
5	70	5.375			2.14721			0.375		3.3255E-11	1000	4.77763E6	-89.98801										
5	71	5.38043			2.14721			0.38043		3.3254E-11	1000	4.77777E6	-89.98801										
5	72	5.38587			2.14721			0.38587		3.3253E-11	1300	4.77792E6	-89.98441										
5	73	5.3913			2.14721			0.3913		3.3244E-11	600	4.77921E6	-89.99281										
5	74	5.39674			2.14721			0.39674		3.3238E-11	1000	4.78007E6	-89.98801										
5	75	5.40217			2.14721			0.40217		3.3236E-11	900	4.78036E6	-89.98921										
5	76	5.40761			2.14721			0.40761		3.3234E-11	1000	4.78065E6	-89.98802										
5	77	5.41304			2.14721			0.41304		3.3231E-11	1100	4.78108E6	-89.98682										
5	78	5.41848			2.14721			0.41848		3.3237E-11	1300	4.78022E6	-89.98442										
5	79	5.42391			2.14721			0.42391		3.3103E-11	1200	4.79957E6	-89.98567										
5	80	5.42935			2.14721			0.42935		3.3105E-11	1100	4.79928E6	-89.98687										
5	81	5.43478			2.14721			0.43478		3.3107E-11	1000	4.79899E6	-89.98806										
5	82	5.44022			2.14721			0.44022		3.3106E-11	1200	4.79913E6	-89.98567										
5	83	5.44565			2.14721			0.44565		3.3106E-11	1200	4.79913E6	-89.98567										
5	84	5.45109			2.14721			0.45109		3.3106E-11	1400	4.79913E6	-89.98329										
5	85	5.45652			2.14721			0.45652		3.3108E-11	1200	4.79884E6	-89.98567										