4	0.3516	1.12	8.36068E-8	0.49161	3	3.13649E-11	916.62449
3	0.3516	1.12	8.36068E-8	0.49161	4	3.10597E-11	851.15515
2	0.3516	1.12	8.36068E-8	0.49161	5	3.05778E-11	994.06393
1	0.3516	1.12	8.36068E-8	0.49161	6	3.03443E-11	813.78337
5	0.2784	1	7.4649E-8	0.54915	3	3.14602E-11	2714.21115
4	0.2784	1	7.4649E-8	0.54915	3	3.13649E-11	2477.70986
3	0.2784	1	7.4649E-8	0.54915	4	3.12307E-11	2222.8167
2	0.2784	1	7.4649E-8	0.54915	5	3.07513E-11	3269.5329
1	0.2784	1	7.4649E-8	0.54915	6	3.05405E-11	2957.14355
5	0.2242	0.98	7.3156E-8	0.62951	3	3.14351E-11	1104.41272
4	0.2242	0.98	7.3156E-8	0.62951	3	3.14487E-11	1008.14221
3	0.2242	0.98	7.3156E-8	0.62951	4	3.12316E-11	1445.40059
2	0.2242	0.98	7.3156E-8	0.62951	5	3.08385E-11	1631.94335
1	0.2242	0.98	7.3156E-8	0.62951	6	3.02838E-11	2037.56835
7	0.2045	1	7.4649E-8	0.66882	3	3.15953E-11	645.12602
6	0.2045	1	7.4649E-8	0.66882	3.5	3.11453E-11	747.05853
5	0.2045	1	7.4649E-8	0.66882	4	3.13375E-11	845.60327
4	0.2045	1	7.4649E-8	0.66882	4.5	3.07769E-11	647.36747
3	0.2045	1	7.4649E-8	0.66882	5	3.07157E-11	685.35524
2	0.2045	1	7.4649E-8	0.66882	5.5	3.06675E-11	864.94686
1	0.2045	1	7.4649E-8	0.66882	6	3.04387E-11	719.86686
7	0.7368	2.04	1.52284E-7	0.4151	3	3.19273E-11	598.18317
6	0.7368	2.04	1.52284E-7	0.4151	3.5	3.18238E-11	673.10824
5	0.7368	2.04	1.52284E-7	0.4151	4	3.17409E-11	701.44508
4	0.7368	2.04	1.52284E-7	0.4151	4.5	3.1609E-11	1163.45687
3	0.7368	2.04	1.52284E-7	0.4151	5	3.14107E-11	1042.17122
2	0.7368	2.04	1.52284E-7	0.4151	5.5	3.12556E-11	1105.22273
1	0.7368	2.04	1.52284E-7	0.4151	6	3.09654E-11	961.51079
7	0.6027	1.98	1.47805E-7	0.50705	3	3.16736E-11	3353.35997
7	0.6027	1.98	1.47805E-7	0.50705	3	3.17055E-11	2807.16832
6	0.6027	1.98	1.47805E-7	0.50705	3.5	3.16595E-11	6054.52032
5	0.6027	1.98	1.47805E-7	0.50705	4	3.17453E-11	5667.36048
4	0.6027	1.98	1.47805E-7	0.50705	4.5	3.14475E-11	4074.76632
3	0.6027	1.98	1.47805E-7	0.50705	5	3.13088E-11	4713.51382
2	0.6027	1.98	1.47805E-7	0.50705	5.5	3.10826E-11	4168.64049
1	0.6027	1.98	1.47805E-7	0.50705	6	3.10217E-11	2987.21834
8	0.4466	1.8	1.34368E-7	0.5982	3	3.16674E-11	2247.45349
7	0.4466	1.8	1.34368E-7	0.5982	3	3.16898E-11	2250
6	0.4466	1.8	1.34368E-7	0.5982	3.5	3.16514E-11	2240.99705
5	0.4466	1.8	1.34368E-7	0.5982	4	3.16488E-11	1936.2239
4	0.4466	1.8	1.34368E-7	0.5982	4.5	3.13395E-11	2632.5936
3	0.4466	1.8	1.34368E-7	0.5982	5	3.12824E-11	2096.61987
2	0.4466	1.8	1.34368E-7	0.5982	5.5	3.10163E-11	2443.70113
1	0.4466	1.8	1.34368E-7	0.5982	6	3.05146E-11	3338.40824
7	0.4421	2	1.49298E-7	0.64202	3	3.16542E-11	1149.11846
6	0.4421	2	1.49298E-7	0.64202	3.5	3.1605E-11	1115.08762
5	0.4421	2	1.49298E-7	0.64202	4	3.14951E-11	1214.74759
4	0.4421	2	1.49298E-7	0.64202	4.5	3.1241E-11	1161.95322
3	0.4421	2	1.49298E-7	0.64202	5	3.11171E-11	1195.52388
2	0.4421	2	1.49298E-7	0.64202	5.5	3.08933E-11	1197.21697
1	0.4421	2	1.49298E-7	0.64202	6	3.04459E-11	1230.00983
7	1.0243	3.1	2.31412E-7	0.4649	3	3.18885E-11	1376.02835
6	1.0243	3.1	2.31412E-7	0.4649	3.5	3.20379E-11	1343.39251
5	1.0243	3.1	2.31412E-7	0.4649	4	3.20419E-11	1063.72458
4	1.0243	3.1	2.31412E-7	0.4649	4.5	3.20739E-11	2566.86684
3	1.0243	3.1	2.31412E-7	0.4649	5	3.1923E-11	3175.28073
2	1.0243	3.1	2.31412E-7	0.4649	5.5	3.17459E-11	3553.78605
1	1.0243	3.1	2.31412E-7	0.4649	6	3.16593E-11	2726.68998
7	0.6712	3	2.23947E-7	0.63768	3	3.16564E-11	1707.6089
6	0.6712	3	2.23947E-7	0.63768	3.5	3.17568E-11	1174.78327
5	0.6712	3	2.23947E-7	0.63768	4	3.17075E-11	1473.56168
4	0.6712	3	2.23947E-7	0.63768	4.5	3.15271E-11	1529.01381
3	0.6712	3	2.23947E-7	0.63768	5	3.14465E-11	1555.93784
2	0.6712	3	2.23947E-7	0.63768	5.5	3.12256E-11	1574.25988
1	0.6712	3	2.23947E-7	0.63768	6	3.08363E-11	1554.92683
7	0.9699	3	2.23947E-7	0.47643	3	3.18109E-11	1105.34837
6	0.9699	3	2.23947E-7	0.47643	3.5	3.19801E-11	1250
5	0.9699	3	2.23947E-7	0.47643	4	3.1932E-11	1474.54676
4	0.9699	3	2.23947E-7	0.47643	4.5	3.19994E-11	1978.34521
3	0.9699	3	2.23947E-7	0.47643	5	3.16729E-11	2073.4481
2	0.9699	3	2.23947E-7	0.47643	5.5	3.1619E-11	2573.57054
1	0.9699	3	2.23947E-7	0.47643	6	3.1479E-11	2490.20924
7	0.8527	2.8	2.09017E-7	0.50682	3	3.18424E-11	2924.17202
6	0.8527	2.8	2.09017E-7	0.50682	3.5	3.18141E-11	4898.57182
5	0.8527	2.8	2.09017E-7	0.50682	4	3.17151E-11	4082.57434
4	0.8527	2.8	2.09017E-7	0.50682	4.5	3.15527E-11	5038.40945
3	0.8527	2.8	2.09017E-7	0.50682	5	3.15561E-11	5042.01349
2	0.8527	2.8	2.09017E-7	0.50682	5.5	3.13525E-11	6505.78304
1	0.8527	2.8	2.09017E-7	0.50682	6	3.13936E-11	4147.91501
5	1.3486	3.96	2.9561E-7	0.44849	4	3.23396E-11	1464.54777
4	1.3486	3.96	2.9561E-7	0.44849	4.5	3.23756E-11	1917.79091
3	1.3486	3.96	2.9561E-7	0.44849	5	3.22735E-11	1762.72192
2	1.3486	3.96	2.9561E-7	0.44849	5.5	3.21283E-11	2349.59503
1	1.3486	3.96	2.9561E-7	0.44849	6	3.18893E-11	2243.28126
5	0.8991	4	2.98596E-7	0.63599	4	3.20488E-11	3036.86433
4	0.8991	4	2.98596E-7	0.63599	4.5	3.18151E-11	1404.78476
3	0.8991	4	2.98596E-7	0.63599	5	3.1632E-11	1702.28971
2	0.8991	4	2.98596E-7	0.63599	5.5	3.15701E-11	1694.41922
1	0.8991	4	2.98596E-7	0.63599	6	3.11417E-11	1416.88779
5	1.1867	3.7	2.76201E-7	0.4806	4	3.20778E-11	1459.59494
4	1.1867	3.7	2.76201E-7	0.4806	4.5	3.21938E-11	2752.52258
3	1.1867	3.7	2.76201E-7	0.4806	5	3.22663E-11	3374.04745
2	1.1867	3.7	2.76201E-7	0.4806	5.5	3.21256E-11	3154.94661
1	1.1867	3.7	2.76201E-7	0.4806	6	3.17504E-11	3228.40932
5	1.3119	3.82	2.85159E-7	0.44384	4	3.23933E-11	540.18359
4	1.3119	3.82	2.85159E-7	0.44384	4.5	3.22033E-11	4374.66869
3	1.3119	3.82	2.85159E-7	0.44384	5	3.24612E-11	5565.428
2	1.3119	3.82	2.85159E-7	0.44384	5.5	3.21569E-11	4652.59215
1	1.3119	3.82	2.85159E-7	0.44384	6	3.21952E-11	3569.42744
3	1.7295	4.92	3.67273E-7	0.43073	5	3.24508E-11	1167.80857
2	1.7295	4.92	3.67273E-7	0.43073	5.5	3.23999E-11	1806.98327
1	1.7295	4.92	3.67273E-7	0.43073	6	3.23675E-11	2489.82743
3	1.1114	5	3.73245E-7	0.64003	5	3.17916E-11	1466.59853
2	1.1114	5	3.73245E-7	0.64003	5.5	3.16901E-11	1540.37039
1	1.1114	5	3.73245E-7	0.64003	6	3.13748E-11	1371.11122
3	1.603	4.7	3.5085E-7	0.44767	5	3.21997E-11	1527.73468
2	1.603	4.7	3.5085E-7	0.44767	5.5	3.24072E-11	1857.1201
1	1.603	4.7	3.5085E-7	0.44767	6	3.21807E-11	1805.16221
3	1.658	5.1	3.8071E-7	0.47352	5	3.25648E-11	599.83042
2	1.658	5.1	3.8071E-7	0.47352	5.5	3.25578E-11	3911.62412
1	1.658	5.1	3.8071E-7	0.47352	6	3.24202E-11	6532.21911
1	2.1102	6.08	4.53866E-7	0.43794	6	3.27568E-11	522.39783
1	1.3116	6	4.47894E-7	0.64599	6	3.16213E-11	1558.60323
1	1.675	5.3	3.95639E-7	0.48819	6	3.249E-11	7102.64666
1	1.9598	5.9	4.40429E-7	0.46207	6	3.25907E-11	1649.73035