3,13805892996921	160600,641779468	0,675758656880028
3,15804616737928	166491,600523042	0,677020962547451
3,16836700029152	166535,784291271	0,677452735698658
3,18095697034691	169720,132758951	0,677801511884614
3,19371246104030	162350,914967208	0,677468307361740
3,33593558497775	156306,377679914	0,677076302639285
3,47477193484021	160321,990391080	0,679379183616406
3,58366755755928	141403,543859872	0,682327240681508
3,69080494830354	110071,937083505	0,684702221354114
3,80510008647684	91366,3491605088	0,686180092756430
3,91058080096739	81262,7529439196	0,687127754564217
3,98449180811164	73725,4446401891	0,687902909790215
4,00292782982366	68756,2537836741	0,688587834062413
4,01269423927714	64945,0390332278	0,688989504815443
4,02348807710168	64035,8258744641	0,689353149689971
4,03484858852693	61223,5334279797	0,689718504176400
4,04528791901803	58737,1070552232	0,690020276191186
4,05347087899988	56752,2604587314	0,690271373013597
4,05981308977918	55668,1203352740	0,690478889917862
4,06433036652877	53585,7713284229	0,690654927303502
4,02604549666623	68158,7141173433	0,687985820612611
4,01816185943124	67520,9675007954	0,687672071362855
4,00873193515211	60517,1432208845	0,687252668264448
3,99951167471182	62162,1805046931	0,687026569583142
3,98904143746523	62553,4294851972	0,686733262297747
3,97843681649435	66031,0300066118	0,686816464138131
3,96060546295141	65979,5372186098	0,686516050808401
3,89606402265250	76921,0000288953	0,685487731034061
3,74786671102883	122160,611196971	0,682378697526463
3,60543937978644	144119,897464955	0,677935772277278
3,50564836789897	132639,525029779	0,674766657557764
3,42057852224932	121942,763710211	0,672316465536453
3,32789087719240	115692,993112268	0,670807178350640
3,22252921882430	112426,601086769	0,669951924217508
3,13252126042619	109469,550559977	0,669299761745041
3,10237644182902	108290,759642721	0,668856403087089
3,09460773894515	10770,0447238763	0,668681879126452
3,09132804521360	10705,5932950762	0,668668752969740
3,08850759761013	109929,852706116	0,668653498395870
3,08633223762787	10907,6056215314	0,668727048805790
3,08482953475343	109036,639635713	0,668749972160050
3,08274723079680	10666,7213270373	0,668717826310532
3,08235888475855	11232,5665555310	0,668705579741942
3,08193127918238	114248,259187188	0,668784961646062
3,08109651244052	11248,9982213148	0,668789097838867
3,08061335437967	114040,131128737	0,668875689574859
3,08056332676583	11125,6100106886	0,668867605206776
3,07960089844811	113284,182038917	0,668902107020321
3,07825588958565	115510,934325958	0,668855909589925
3,07759065404347	112296,417296991	0,668882532754515
3,10502531894104	126714,724276728	0,671319946905643
3,11383488467048	127825,644725264	0,671808585508007
3,12318540835077	131280,584970898	0,672146096181939
3,13667093454341	131348,356355550	0,672604822993440
3,18590631324751	139636,605052915	0,673549192142850
3,34919715084981	146197,882019489	0,675264364196489
3,48674067814583	159678,062976613	0,678184449787810
3,59807058664596	145930,393386671	0,681567923218634
3,71696532591300	111865,856524917	0,684158578928073
3,84076176945407	87673,1072944210	0,685594865561539
3,93049802052617	82132,0324625486	0,686583824910406
3,98100726362318	74949,9017142951	0,687296055683830
3,99515797408229	69586,8691408480	0,687745410522243
4,00486695613991	67944,9954915319	0,688115895503865
4,01516947942139	66518,0840788262	0,688505955028021
4,02523282407261	62607,3513974435	0,688827725509527
4,03387125004071	62528,0184627672	0,689055218910319
4,04070908945301	59668,0603306019	0,689267753971656
4,04643922388507	60103,7011246658	0,689427225448942
4,04922844916986	57350,3139764953	0,689572491251621
4,01740319661748	64861,0551555084	0,687341953047557
4,01474172544425	57225,4352389770	0,687372566517453
4,00504207390361	65419,4871084472	0,686960974672176
3,99484696978966	67881,6188843956	0,686666617594693
3,98864843541192	64948,8933116849	0,686799817516720
3,97095077928606	80069,9115764243	0,686173436214777
3,95382952008775	74648,8361032444	0,685957850990998
3,88897629937195	79370,3938849006	0,685031835014139
3,74088894907751	127514,013762586	0,681851968632622
3,60619713188089	146264,233527386	0,678113465738241
3,50762141686648	133628,045628525	0,675020869577803
3,42478504222912	124483,597223445	0,672761045176966
3,33247828604009	117766,081032025	0,671270509634354
3,22795375716098	114654,096151200	0,670400822155611
3,13895366617906	110027,377000298	0,669770164413144
3,10894815070561	108392,568089734	0,669391907381895
3,10074026767591	110271,728851591	0,669210959242781
3,09786806823008	108212,861689209	0,669210808444590
3,09377562761746	110005,592620928	0,669201811956484
3,09243013554422	111178,974604293	0,669152555790541
3,09009742852847	108645,914869389	0,669202006411676
3,08924114193933	110127,004564045	0,669167327676870
3,08811047453763	111823,108435063	0,669189782017775
3,08745066511711	112030,837805185	0,669250245686347
3,08672055818086	111915,124176836	0,669300644725945
3,08576924264630	11294,8727589264	0,669307076433518
3,08533245057453	113625,801539938	0,669315617478186
3,08492829913418	113566,409397908	0,669341155495882
3,08448597295795	114153,668864747	0,669385661456287
3,10673772483016	121943,761159318	0,671244171557945
3,11390364927568	12567,9909197113	0,671647244260240
3,12365156027076	128176,866382916	0,671990265839440
3,13706997243249	130705,075564476	0,672398670914909
3,19510634630725	137028,957662789	0,673563066385269
3,36121678138990	145373,808390991	0,675480142760498
3,49778668595394	157572,879387385	0,678502320497269
3,60677552851222	141360,892563374	0,681785242246018
3,73028013360683	106853,284416202	0,684448045802964
3,85521323851335	87130,1893031252	0,685770050291126
3,93927164001617	76104,7463961263	0,686801419374745
3,98543293031292	70340,2381931979	0,687388555813849
3,99780519354276	68537,1027511942	0,687857183816235
4,00547092904122	64591,5791770927	0,688154067241818
4,01456206226330	63087,8340382824	0,688460415328652
4,02419915555173	60374,0819848560	0,688711135437559
4,03235086512728	60052,1450159897	0,688965157900622
4,03994849724206	57636,1385781796	0,689173523423856
4,04394512309175	57217,3606205447	0,689331844463162
4,04892428969172	56074,3100071350	0,689568427930926
4,02376995705096	53031,8022621952	0,687706179469113
4,01709125459130	57304,9145754685	0,687490137236359
4,00569748163380	60642,2539232211	0,686989319393432
3,99943941203747	75617,1422768626	0,686934680403920
3,99269218280008	60139,5856481845	0,687013723641825
3,97949294206950	65409,1001427741	0,686780301200786
3,96031217968151	71406,5833698512	0,686398822618103
3,89391092813603	78896,8126793789	0,685421609034832
3,74836073028480	117428,560520226	0,682723214062688
3,61218621497465	141677,967664231	0,678788537067855
3,51293501913210	135194,586888742	0,675635720758965
3,42941592841533	124674,571865821	0,673449100035676
3,33486235095809	118013,309270965	0,671908512707445
3,22786739102273	113150,726302858	0,670994346889803
3,14038761086970	109737,329782430	0,670307100361426
3,11738233711104	109992,957656543	0,669991314654007